U_star, Amplitude, DOF_ID (1=Heave 2=Pitch 3=Flap)
2.471803,0.199477,1.000000
2.471803,0.199573,1.000000
2.471803,0.199658,1.000000
2.471803,0.199734,1.000000
2.471803,0.199802,1.000000
2.471803,0.199863,1.000000
2.471803,0.199917,1.000000
2.471803,0.199965,1.000000
2.471803,0.200008,1.000000
2.471803,0.200047,1.000000
2.471803,0.200081,1.000000
2.471803,0.200112,1.000000
2.471803,0.200139,1.000000
2.471803,0.200163,1.000000
2.471810,0.199479,1.000000
2.471810,0.199575,1.000000
2.471810,0.199660,1.000000
2.471810,0.199736,1.000000
2.471810,0.199805,1.000000
2.471810,0.199865,1.000000
2.471810,0.199919,1.000000
2.471810,0.199967,1.000000
2.471810,0.200010,1.000000
2.471810,0.200049,1.000000
2.471810,0.200083,1.000000
2.471810,0.200114,1.000000
2.471810,0.200141,1.000000
2.471810,0.200165,1.000000
2.471825,0.199484,1.000000
2.471825,0.199580,1.000000
2.471825,0.199665,1.000000
2.471825,0.199741,1.000000
2.471825,0.199809,1.000000
2.471825,0.199869,1.000000
2.471825,0.199923,1.000000
2.471825,0.199971,1.000000
2.471825,0.200014,1.000000
2.471825,0.200053,1.000000
2.471825,0.200087,1.000000
2.471825,0.200117,1.000000
2.471825,0.200145,1.000000
2.471825,0.200169,1.000000
2.471854,0.199493,1.000000
2.471854,0.199589,1.000000
2.471854,0.199674,1.000000
2.471854,0.199749,1.000000
2.471854,0.199817,1.000000
2.471854,0.199877,1.000000
2.471854,0.199931,1.000000
2.471854,0.199979,1.000000
2.471854,0.200022,1.000000
2.471854,0.200060,1.000000
2.471854,0.200094,1.000000
2.471854,0.200125,1.000000
2.471854,0.200152,1.000000
2.471854,0.200176,1.000000
2.471915,0.199512,1.000000
2.471915,0.199607,1.000000
2.471915,0.199692,1.000000
2.471915,0.199767,1.000000
2.471915,0.199834,1.000000
2.471915,0.199894,1.000000
2.471915,0.199948,1.000000
2.471915,0.199995,1.000000
2.471915,0.200038,1.000000
2.471915,0.200076,1.000000
2.471915,0.200110,1.000000
2.471915,0.200140,1.000000
2.471915,0.200167,1.000000
2.471915,0.200192,1.000000
2.472041,0.199550,1.000000
2.472041,0.199644,1.000000
2.472041,0.199728,1.000000
2.472041,0.199802,1.000000
2.472041,0.199869,1.000000
2.472041,0.199928,1.000000
2.472041,0.199981,1.000000
2.472041,0.200029,1.000000
2.472041,0.200071,1.000000
2.472041,0.200109,1.000000
2.472041,0.200142,1.000000
2.472041,0.200172,1.000000
2.472041,0.200199,1.000000
2.472041,0.200223,1.000000
2.472313,0.199527,1.000000
2.472313,0.199630,1.000000
2.472313,0.199722,1.000000
2.472313,0.199804,1.000000
2.472313,0.199877,1.000000
2.472313,0.199943,1.000000
2.472313,0.200001,1.000000
2.472313,0.200053,1.000000
2.472313,0.200100,1.000000
2.472313,0.200141,1.000000
2.472313,0.200178,1.000000
2.472313,0.200211,1.000000
2.472313,0.200240,1.000000
2.472313,0.200267,1.000000
2.472313,0.200290,1.000000
2.472937,0.199702,1.000000
2.472937,0.199802,1.000000
2.472937,0.199891,1.000000
2.472937,0.199971,1.000000
2.472937,0.200041,1.000000
2.472937,0.200105,1.000000
2.472937,0.200162,1.000000
2.472937,0.200212,1.000000
2.472937,0.200257,1.000000
2.472937,0.200297,1.000000
2.472937,0.200333,1.000000
2.472937,0.200365,1.000000
2.472937,0.200394,1.000000
2.472937,0.200419,1.000000
2.472937,0.200442,1.000000
2.474126,0.200012,1.000000
2.474126,0.200109,1.000000
2.474126,0.200195,1.000000
2.474126,0.200272,1.000000
2.474126,0.200341,1.000000
2.474126,0.200402,1.000000
2.474126,0.200456,1.000000
2.474126,0.200505,1.000000
2.474126,0.200548,1.000000
2.474126,0.200587,1.000000
2.474126,0.200622,1.000000
2.474126,0.200653,1.000000
2.474126,0.200680,1.000000
2.474126,0.200705,1.000000
2.474126,0.200727,1.000000
2.475572,0.200374,1.000000
2.475572,0.200468,1.000000
2.475572,0.200552,1.000000
2.475572,0.200626,1.000000
2.475572,0.200694,1.000000
2.475572,0.200753,1.000000
2.475572,0.200806,1.000000
2.475572,0.200854,1.000000
2.475572,0.200896,1.000000
2.475572,0.200934,1.000000
2.475572,0.200967,1.000000
2.475572,0.200997,1.000000
2.475572,0.201024,1.000000
2.475572,0.201048,1.000000
2.475572,0.201070,1.000000
2.477274,0.200787,1.000000
2.477274,0.200879,1.000000
2.477274,0.200963,1.000000
2.477274,0.201035,1.000000
2.477274,0.201101,1.000000
2.477274,0.201160,1.000000
2.477274,0.201212,1.000000
2.477274,0.201259,1.000000
2.477274,0.201300,1.000000
2.477274,0.201337,1.000000
2.477274,0.201371,1.000000
2.477274,0.201400,1.000000
2.477274,0.201427,1.000000
2.477274,0.201450,1.000000
2.477274,0.201471,1.000000
2.479226,0.201254,1.000000
2.479226,0.201345,1.000000
2.479226,0.201427,1.000000
2.479226,0.201500,1.000000
2.479226,0.201565,1.000000
2.479226,0.201623,1.000000
2.479226,0.201674,1.000000
2.479226,0.201721,1.000000
2.479226,0.201762,1.000000
2.479226,0.201798,1.000000
2.479226,0.201831,1.000000
2.479226,0.201860,1.000000
2.479226,0.201886,1.000000
2.479226,0.201910,1.000000
2.479226,0.201930,1.000000
2.481426,0.201774,1.000000
2.481426,0.201865,1.000000
2.481426,0.201947,1.000000
2.481426,0.202019,1.000000
2.481426,0.202084,1.000000
2.481426,0.202141,1.000000
2.481426,0.202193,1.000000
2.481426,0.202239,1.000000
2.481426,0.202280,1.000000
2.481426,0.202316,1.000000
2.481426,0.202349,1.000000
2.481426,0.202378,1.000000
2.481426,0.202404,1.000000
2.481426,0.202427,1.000000
2.481426,0.202447,1.000000
2.483868,0.202348,1.000000
2.483868,0.202438,1.000000
2.483868,0.202520,1.000000
2.483868,0.202592,1.000000
2.483868,0.202657,1.000000
2.483868,0.202715,1.000000
2.483868,0.202766,1.000000
2.483868,0.202812,1.000000
2.483868,0.202853,1.000000
2.483868,0.202890,1.000000
2.483868,0.202922,1.000000
2.483868,0.202951,1.000000
2.483868,0.202977,1.000000
2.483868,0.203000,1.000000
2.483868,0.203021,1.000000
2.486547,0.202973,1.000000
2.486547,0.203064,1.000000
2.486547,0.203147,1.000000
2.486547,0.203219,1.000000
2.486547,0.203284,1.000000
2.486547,0.203343,1.000000
2.486547,0.203394,1.000000
2.486547,0.203441,1.000000
2.486547,0.203482,1.000000
2.486547,0.203518,1.000000
2.486547,0.203551,1.000000
2.486547,0.203580,1.000000
2.486547,0.203607,1.000000
2.486547,0.203630,1.000000
2.486547,0.203651,1.000000
2.489460,0.203650,1.000000
2.489460,0.203742,1.000000
2.489460,0.203825,1.000000
2.489460,0.203899,1.000000
2.489460,0.203965,1.000000
2.489460,0.204024,1.000000
2.489460,0.204076,1.000000
2.489460,0.204123,1.000000
2.489460,0.204164,1.000000
2.489460,0.204201,1.000000
2.489460,0.204235,1.000000
2.489460,0.204264,1.000000
2.489460,0.204291,1.000000
2.489460,0.204314,1.000000
2.489460,0.204335,1.000000
2.492599,0.204377,1.000000
2.492599,0.204470,1.000000
2.492599,0.204556,1.000000
2.492599,0.204630,1.000000
2.492599,0.204697,1.000000
2.492599,0.204757,1.000000
2.492599,0.204810,1.000000
2.492599,0.204858,1.000000
2.492599,0.204900,1.000000
2.492599,0.204938,1.000000
2.492599,0.204972,1.000000
2.492599,0.205001,1.000000
2.492599,0.205028,1.000000
2.492599,0.205052,1.000000
2.492599,0.205073,1.000000
2.495959,0.205153,1.000000
2.495959,0.205249,1.000000
2.495959,0.205336,1.000000
2.495959,0.205412,1.000000
2.495959,0.205481,1.000000
2.495959,0.205542,1.000000
2.495959,0.205596,1.000000
2.495959,0.205645,1.000000
2.495959,0.205688,1.000000
2.495959,0.205726,1.000000
2.495959,0.205761,1.000000
2.495959,0.205791,1.000000
2.495959,0.205819,1.000000
2.495959,0.205843,1.000000
2.495959,0.205865,1.000000
2.499534,0.205977,1.000000
2.499534,0.206076,1.000000
2.499534,0.206165,1.000000
2.499534,0.206243,1.000000
2.499534,0.206314,1.000000
2.499534,0.206376,1.000000
2.499534,0.206432,1.000000
2.499534,0.206482,1.000000
2.499534,0.206526,1.000000
2.499534,0.206566,1.000000
2.499534,0.206601,1.000000
2.499534,0.206632,1.000000
2.499534,0.206660,1.000000
2.499534,0.206685,1.000000
2.499534,0.206707,1.000000
2.503318,0.206847,1.000000
2.503318,0.206951,1.000000
2.503318,0.207041,1.000000
2.503318,0.207123,1.000000
2.503318,0.207195,1.000000
2.503318,0.207259,1.000000
2.503318,0.207317,1.000000
2.503318,0.207368,1.000000
2.503318,0.207414,1.000000
2.503318,0.207455,1.000000
2.503318,0.207491,1.000000
2.503318,0.207523,1.000000
2.503318,0.207552,1.000000
2.503318,0.207578,1.000000
2.503318,0.207601,1.000000
2.507305,0.207764,1.000000
2.507305,0.207871,1.000000
2.507305,0.207964,1.000000
2.507305,0.208049,1.000000
2.507305,0.208124,1.000000
2.507305,0.208190,1.000000
2.507305,0.208251,1.000000
2.507305,0.208303,1.000000
2.507305,0.208350,1.000000
2.507305,0.208393,1.000000
2.507305,0.208430,1.000000
2.507305,0.208464,1.000000
2.507305,0.208493,1.000000
2.507305,0.208520,1.000000
2.511489,0.208727,1.000000
2.511489,0.208837,1.000000
2.511489,0.208934,1.000000
2.511489,0.209023,1.000000
2.511489,0.209100,1.000000
2.511489,0.209169,1.000000
2.511489,0.209231,1.000000
2.511489,0.209286,1.000000
2.511489,0.209335,1.000000
2.511489,0.209378,1.000000
2.511489,0.209417,1.000000
2.511489,0.209452,1.000000
2.511489,0.209483,1.000000
2.511489,0.209510,1.000000
2.515862,0.209737,1.000000
2.515862,0.209849,1.000000
2.515862,0.209952,1.000000
2.515862,0.210042,1.000000
2.515862,0.210122,1.000000
2.515862,0.210195,1.000000
2.515862,0.210258,1.000000
2.515862,0.210315,1.000000
2.515862,0.210366,1.000000
2.515862,0.210411,1.000000
2.515862,0.210452,1.000000
2.515862,0.210488,1.000000
2.515862,0.210520,1.000000
2.515862,0.210548,1.000000
2.520418,0.210793,1.000000
2.520418,0.210909,1.000000
2.520418,0.211016,1.000000
2.520418,0.211109,1.000000
2.520418,0.211193,1.000000
2.520418,0.211268,1.000000
2.520418,0.211333,1.000000
2.520418,0.211392,1.000000
2.520418,0.211445,1.000000
2.520418,0.211491,1.000000
2.520418,0.211533,1.000000
2.520418,0.211570,1.000000
2.520418,0.211603,1.000000
2.520418,0.211633,1.000000
2.525151,0.211899,1.000000
2.525151,0.212021,1.000000
2.525151,0.212130,1.000000
2.525151,0.212225,1.000000
2.525151,0.212312,1.000000
2.525151,0.212388,1.000000
2.525151,0.212456,1.000000
2.525151,0.212517,1.000000
2.525151,0.212571,1.000000
2.525151,0.212619,1.000000
2.525151,0.212662,1.000000
2.525151,0.212700,1.000000
2.525151,0.212734,1.000000
2.525151,0.212764,1.000000
2.530055,0.213056,1.000000
2.530055,0.213182,1.000000
2.530055,0.213292,1.000000
2.530055,0.213391,1.000000
2.530055,0.213480,1.000000
2.530055,0.213557,1.000000
2.530055,0.213627,1.000000
2.530055,0.213689,1.000000
2.530055,0.213744,1.000000
2.530055,0.213794,1.000000
2.530055,0.213837,1.000000
2.530055,0.213876,1.000000
2.530055,0.213911,1.000000
2.530055,0.213942,1.000000
2.535122,0.214261,1.000000
2.535122,0.214390,1.000000
2.535122,0.214502,1.000000
2.535122,0.214603,1.000000
2.535122,0.214693,1.000000
2.535122,0.214771,1.000000
2.535122,0.214843,1.000000
2.535122,0.214906,1.000000
2.535122,0.214962,1.000000
2.535122,0.215012,1.000000
2.535122,0.215057,1.000000
2.535122,0.215096,1.000000
2.535122,0.215132,1.000000
2.535122,0.215163,1.000000
2.540348,0.215510,1.000000
2.540348,0.215640,1.000000
2.540348,0.215754,1.000000
2.540348,0.215857,1.000000
2.540348,0.215948,1.000000
2.540348,0.216029,1.000000
2.540348,0.216102,1.000000
2.540348,0.216165,1.000000
2.540348,0.216222,1.000000
2.540348,0.216274,1.000000
2.540348,0.216318,1.000000
2.540348,0.216359,1.000000
2.540348,0.216395,1.000000
2.540348,0.216426,1.000000
2.545725,0.216796,1.000000
2.545725,0.216928,1.000000
2.545725,0.217045,1.000000
2.545725,0.217150,1.000000
2.545725,0.217242,1.000000
2.545725,0.217325,1.000000
2.545725,0.217399,1.000000
2.545725,0.217464,1.000000
2.545725,0.217522,1.000000
2.545725,0.217574,1.000000
2.545725,0.217620,1.000000
2.545725,0.217661,1.000000
2.545725,0.217698,1.000000
2.545725,0.217730,1.000000
2.551248,0.218115,1.000000
2.551248,0.218249,1.000000
2.551248,0.218370,1.000000
2.551248,0.218478,1.000000
2.551248,0.218572,1.000000
2.551248,0.218658,1.000000
2.551248,0.218733,1.000000
2.551248,0.218800,1.000000
2.551248,0.218860,1.000000
2.551248,0.218912,1.000000
2.551248,0.218960,1.000000
2.551248,0.219002,1.000000
2.551248,0.219039,1.000000
2.551248,0.219072,1.000000
2.556911,0.219306,1.000000
2.556911,0.219465,1.000000
2.556911,0.219602,1.000000
2.556911,0.219728,1.000000
2.556911,0.219838,1.000000
2.556911,0.219936,1.000000
2.556911,0.220024,1.000000
2.556911,0.220101,1.000000
2.556911,0.220171,1.000000
2.556911,0.220232,1.000000
2.556911,0.220287,1.000000
2.556911,0.220335,1.000000
2.556911,0.220379,1.000000
2.556911,0.220417,1.000000
2.556911,0.220451,1.000000
2.562707,0.220678,1.000000
2.562707,0.220841,1.000000
2.562707,0.220986,1.000000
2.562707,0.221116,1.000000
2.562707,0.221230,1.000000
2.562707,0.221332,1.000000
2.562707,0.221423,1.000000
2.562707,0.221503,1.000000
2.562707,0.221575,1.000000
2.562707,0.221639,1.000000
2.562707,0.221695,1.000000
2.562707,0.221746,1.000000
2.562707,0.221791,1.000000
2.562707,0.221830,1.000000
2.562707,0.221866,1.000000
2.568633,0.222074,1.000000
2.568633,0.222243,1.000000
2.568633,0.222397,1.000000
2.568633,0.222531,1.000000
2.568633,0.222651,1.000000
2.568633,0.222758,1.000000
2.568633,0.222852,1.000000
2.568633,0.222937,1.000000
2.568633,0.223012,1.000000
2.568633,0.223078,1.000000
2.568633,0.223137,1.000000
2.568633,0.223190,1.000000
2.568633,0.223236,1.000000
2.568633,0.223278,1.000000
2.568633,0.223315,1.000000
2.574681,0.223490,1.000000
2.574681,0.223671,1.000000
2.574681,0.223832,1.000000
2.574681,0.223972,1.000000
2.574681,0.224099,1.000000
2.574681,0.224212,1.000000
2.574681,0.224311,1.000000
2.574681,0.224400,1.000000
2.574681,0.224478,1.000000
2.574681,0.224548,1.000000
2.574681,0.224611,1.000000
2.574681,0.224665,1.000000
2.574681,0.224715,1.000000
2.574681,0.224758,1.000000
2.574681,0.224797,1.000000
2.580848,0.224927,1.000000
2.580848,0.225119,1.000000
2.580848,0.225287,1.000000
2.580848,0.225439,1.000000
2.580848,0.225572,1.000000
2.580848,0.225690,1.000000
2.580848,0.225797,1.000000
2.580848,0.225890,1.000000
2.580848,0.225974,1.000000
2.580848,0.226048,1.000000
2.580848,0.226113,1.000000
2.580848,0.226172,1.000000
2.580848,0.226224,1.000000
2.580848,0.226270,1.000000
2.587127,0.226379,1.000000
2.587127,0.226582,1.000000
2.587127,0.226763,1.000000
2.587127,0.226925,1.000000
2.587127,0.227067,1.000000
2.587127,0.227194,1.000000
2.587127,0.227307,1.000000
2.587127,0.227407,1.000000
2.587127,0.227496,1.000000
2.587127,0.227575,1.000000
2.587127,0.227645,1.000000
2.587127,0.227707,1.000000
2.587127,0.227762,1.000000
2.587127,0.227812,1.000000
2.593515,0.227839,1.000000
2.593515,0.228059,1.000000
2.593515,0.228256,1.000000
2.593515,0.228427,1.000000
2.593515,0.228582,1.000000
2.593515,0.228718,1.000000
2.593515,0.228839,1.000000
2.593515,0.228947,1.000000
2.593515,0.229042,1.000000
2.593515,0.229127,1.000000
2.593515,0.229203,1.000000
2.593515,0.229269,1.000000
2.593515,0.229329,1.000000
2.593515,0.229382,1.000000
2.600006,0.229307,1.000000
2.600006,0.229546,1.000000
2.600006,0.229756,1.000000
2.600006,0.229946,1.000000
2.600006,0.230111,1.000000
2.600006,0.230259,1.000000
2.600006,0.230392,1.000000
2.600006,0.230507,1.000000
2.600006,0.230611,1.000000
2.600006,0.230703,1.000000
2.600006,0.230784,1.000000
2.600006,0.230857,1.000000
2.600006,0.230921,1.000000
2.600006,0.230978,1.000000
2.606596,0.230772,1.000000
2.606596,0.231031,1.000000
2.606596,0.231265,1.000000
2.606596,0.231470,1.000000
2.606596,0.231652,1.000000
2.606596,0.231815,1.000000
2.606596,0.231957,1.000000
2.606596,0.232085,1.000000
2.606596,0.232199,1.000000
2.606596,0.232299,1.000000
2.606596,0.232388,1.000000
2.606596,0.232467,1.000000
2.606596,0.232537,1.000000
2.606596,0.232600,1.000000
2.613281,0.232222,1.000000
2.613281,0.232514,1.000000
2.613281,0.232767,1.000000
2.613281,0.232995,1.000000
2.613281,0.233198,1.000000
2.613281,0.233375,1.000000
2.613281,0.233535,1.000000
2.613281,0.233676,1.000000
2.613281,0.233800,1.000000
2.613281,0.233912,1.000000
2.613281,0.234009,1.000000
2.613281,0.234096,1.000000
2.613281,0.234174,1.000000
2.613281,0.234242,1.000000
2.620057,0.233653,1.000000
2.620057,0.233971,1.000000
2.620057,0.234262,1.000000
2.620057,0.234513,1.000000
2.620057,0.234738,1.000000
2.620057,0.234940,1.000000
2.620057,0.235115,1.000000
2.620057,0.235272,1.000000
2.620057,0.235412,1.000000
2.620057,0.235535,1.000000
2.620057,0.235645,1.000000
2.620057,0.235742,1.000000
2.620057,0.235828,1.000000
2.620057,0.235905,1.000000
2.626919,0.235035,1.000000
2.626919,0.235402,1.000000
2.626919,0.235720,1.000000
2.626919,0.236012,1.000000
2.626919,0.236265,1.000000
2.626919,0.236489,1.000000
2.626919,0.236692,1.000000
2.626919,0.236867,1.000000
2.626919,0.237024,1.000000
2.626919,0.237165,1.000000
2.626919,0.237287,1.000000
2.626919,0.237397,1.000000
2.626919,0.237495,1.000000
2.626919,0.237580,1.000000
2.633865,0.236342,1.000000
2.633865,0.236766,1.000000
2.633865,0.237138,1.000000
2.633865,0.237463,1.000000
2.633865,0.237759,1.000000
2.633865,0.238016,1.000000
2.633865,0.238244,1.000000
2.633865,0.238450,1.000000
2.633865,0.238628,1.000000
2.633865,0.238788,1.000000
2.633865,0.238931,1.000000
2.633865,0.239055,1.000000
2.633865,0.239167,1.000000
2.633865,0.239266,1.000000
2.640890,0.237537,1.000000
2.640890,0.238026,1.000000
2.640890,0.238466,1.000000
2.640890,0.238845,1.000000
2.640890,0.239188,1.000000
2.640890,0.239493,1.000000
2.640890,0.239757,1.000000
2.640890,0.239996,1.000000
2.640890,0.240207,1.000000
2.640890,0.240391,1.000000
2.640890,0.240558,1.000000
2.640890,0.240704,1.000000
2.640890,0.240833,1.000000
2.647992,0.237868,1.000000
2.647992,0.238537,1.000000
2.647992,0.239106,1.000000
2.647992,0.239643,1.000000
2.647992,0.240099,1.000000
2.647992,0.240501,1.000000
2.647992,0.240873,1.000000
2.647992,0.241188,1.000000
2.647992,0.241471,1.000000
2.647992,0.241728,1.000000
2.647992,0.241946,1.000000
2.647992,0.242145,1.000000
2.647992,0.242321,1.000000
2.647992,0.242473,1.000000
2.655166,0.238336,1.000000
2.655166,0.239145,1.000000
2.655166,0.239868,1.000000
2.655166,0.240536,1.000000
2.655166,0.241093,1.000000
2.655166,0.241604,1.000000
2.655166,0.242062,1.000000
2.655166,0.242450,1.000000
2.655166,0.242809,1.000000
2.655166,0.243122,1.000000
2.655166,0.243394,1.000000
2.655166,0.243644,1.000000
2.655166,0.243860,1.000000
2.655166,0.244050,1.000000
2.662410,0.237736,1.000000
2.662410,0.238829,1.000000
2.662410,0.239867,1.000000
2.662410,0.240686,1.000000
2.662410,0.241474,1.000000
2.662410,0.242173,1.000000
2.662410,0.242747,1.000000
2.662410,0.243303,1.000000
2.662410,0.243776,1.000000
2.662410,0.244181,1.000000
2.662410,0.244568,1.000000
2.662410,0.244890,1.000000
2.662410,0.245177,1.000000
2.662410,0.245444,1.000000
2.669721,0.231011,1.000000
2.669721,0.232912,1.000000
2.669721,0.234818,1.000000
2.669721,0.236600,1.000000
2.669721,0.237908,1.000000
2.669721,0.239320,1.000000
2.669721,0.240466,1.000000
2.669721,0.241420,1.000000
2.669721,0.242406,1.000000
2.669721,0.243165,1.000000
2.669721,0.243863,1.000000
2.669721,0.244532,1.000000
2.669721,0.245051,1.000000
2.669721,0.245552,1.000000
2.677097,0.237780,1.000000
2.677097,0.239198,1.000000
2.677097,0.240680,1.000000
2.677097,0.241891,1.000000
2.677097,0.242918,1.000000
2.677097,0.243948,1.000000
2.677097,0.244757,1.000000
2.677097,0.245499,1.000000
2.677097,0.246201,1.000000
2.677097,0.246756,1.000000
2.677097,0.247285,1.000000
2.677097,0.247759,1.000000
2.677097,0.248146,1.000000
2.677097,0.248518,1.000000
2.684533,0.240423,1.000000
2.684533,0.241924,1.000000
2.684533,0.243181,1.000000
2.684533,0.244383,1.000000
2.684533,0.245396,1.000000
2.684533,0.246285,1.000000
2.684533,0.247115,1.000000
2.684533,0.247808,1.000000
2.684533,0.248434,1.000000
2.684533,0.249003,1.000000
2.684533,0.249481,1.000000
2.684533,0.249919,1.000000
2.684533,0.250309,1.000000
2.692028,0.242153,1.000000
2.692028,0.243641,1.000000
2.692028,0.244948,1.000000
2.692028,0.246194,1.000000
2.692028,0.247203,1.000000
2.692028,0.248133,1.000000
2.692028,0.248981,1.000000
2.692028,0.249678,1.000000
2.692028,0.250332,1.000000
2.692028,0.250909,1.000000
2.692028,0.251394,1.000000
2.692028,0.251850,1.000000
2.692028,0.252243,1.000000
2.471803,5.144018,2.000000
2.471803,5.146506,2.000000
2.471803,5.148836,2.000000
2.471803,5.150823,2.000000
2.471803,5.152640,2.000000
2.471803,5.154269,2.000000
2.471803,5.155683,2.000000
2.471803,5.156991,2.000000
2.471803,5.158126,2.000000
2.471803,5.159149,2.000000
2.471803,5.160071,2.000000
2.471803,5.160875,2.000000
2.471803,5.161610,2.000000
2.471803,5.162257,2.000000
2.471803,5.162834,2.000000
2.471810,5.144080,2.000000
2.471810,5.146564,2.000000
2.471810,5.148892,2.000000
2.471810,5.150879,2.000000
2.471810,5.152694,2.000000
2.471810,5.154322,2.000000
2.471810,5.155735,2.000000
2.471810,5.157042,2.000000
2.471810,5.158177,2.000000
2.471810,5.159198,2.000000
2.471810,5.160120,2.000000
2.471810,5.160924,2.000000
2.471810,5.161658,2.000000
2.471810,5.162304,2.000000
2.471810,5.162881,2.000000
2.471825,5.144202,2.000000
2.471825,5.146679,2.000000
2.471825,5.149005,2.000000
2.471825,5.150991,2.000000
2.471825,5.152800,2.000000
2.471825,5.154429,2.000000
2.471825,5.155839,2.000000
2.471825,5.157144,2.000000
2.471825,5.158278,2.000000
2.471825,5.159297,2.000000
2.471825,5.160218,2.000000
2.471825,5.161021,2.000000
2.471825,5.161754,2.000000
2.471825,5.162399,2.000000
2.471825,5.162975,2.000000
2.471854,5.144448,2.000000
2.471854,5.146912,2.000000
2.471854,5.149231,2.000000
2.471854,5.151217,2.000000
2.471854,5.153015,2.000000
2.471854,5.154644,2.000000
2.471854,5.156049,2.000000
2.471854,5.157348,2.000000
2.471854,5.158482,2.000000
2.471854,5.159496,2.000000
2.471854,5.160416,2.000000
2.471854,5.161216,2.000000
2.471854,5.161947,2.000000
2.471854,5.162592,2.000000
2.471854,5.163165,2.000000
2.471915,5.144942,2.000000
2.471915,5.147383,2.000000
2.471915,5.149687,2.000000
2.471915,5.151674,2.000000
2.471915,5.153450,2.000000
2.471915,5.155079,2.000000
2.471915,5.156474,2.000000
2.471915,5.157764,2.000000
2.471915,5.158897,2.000000
2.471915,5.159901,2.000000
2.471915,5.160819,2.000000
2.471915,5.161615,2.000000
2.471915,5.162340,2.000000
2.471915,5.162983,2.000000
2.471915,5.163552,2.000000
2.472041,5.145942,2.000000
2.472041,5.148348,2.000000
2.472041,5.150617,2.000000
2.472041,5.152606,2.000000
2.472041,5.154345,2.000000
2.472041,5.155968,2.000000
2.472041,5.157349,2.000000
2.472041,5.158619,2.000000
2.472041,5.159751,2.000000
2.472041,5.160737,2.000000
2.472041,5.161649,2.000000
2.472041,5.162438,2.000000
2.472041,5.163152,2.000000
2.472041,5.163793,2.000000
2.472041,5.164353,2.000000
2.472313,5.147995,2.000000
2.472313,5.150368,2.000000
2.472313,5.152560,2.000000
2.472313,5.154553,2.000000
2.472313,5.156234,2.000000
2.472313,5.157835,2.000000
2.472313,5.159200,2.000000
2.472313,5.160431,2.000000
2.472313,5.161557,2.000000
2.472313,5.162517,2.000000
2.472313,5.163412,2.000000
2.472313,5.164193,2.000000
2.472313,5.164887,2.000000
2.472313,5.165522,2.000000
2.472313,5.166070,2.000000
2.472937,5.152391,2.000000
2.472937,5.154767,2.000000
2.472937,5.156832,2.000000
2.472937,5.158792,2.000000
2.472937,5.160429,2.000000
2.472937,5.161954,2.000000
2.472937,5.163309,2.000000
2.472937,5.164481,2.000000
2.472937,5.165579,2.000000
2.472937,5.166517,2.000000
2.472937,5.167372,2.000000
2.472937,5.168141,2.000000
2.472937,5.168807,2.000000
2.472937,5.169423,2.000000
2.472937,5.169958,2.000000
2.474126,5.160260,2.000000
2.474126,5.162612,2.000000
2.474126,5.164618,2.000000
2.474126,5.166450,2.000000
2.474126,5.168095,2.000000
2.474126,5.169521,2.000000
2.474126,5.170840,2.000000
2.474126,5.171986,2.000000
2.474126,5.173016,2.000000
2.474126,5.173947,2.000000
2.474126,5.174758,2.000000
2.474126,5.175499,2.000000
2.474126,5.176151,2.000000
2.474126,5.176732,2.000000
2.474126,5.177258,2.000000
2.475572,5.169493,2.000000
2.475572,5.171752,2.000000
2.475572,5.173772,2.000000
2.475572,5.175500,2.000000
2.475572,5.177135,2.000000
2.475572,5.178525,2.000000
2.475572,5.179790,2.000000
2.475572,5.180935,2.000000
2.475572,5.181918,2.000000
2.475572,5.182833,2.000000
2.475572,5.183628,2.000000
2.475572,5.184339,2.000000
2.475572,5.184985,2.000000
2.475572,5.185545,2.000000
2.475572,5.186058,2.000000
2.477274,5.180110,2.000000
2.477274,5.182279,2.000000
2.477274,5.184307,2.000000
2.477274,5.185988,2.000000
2.477274,5.187589,2.000000
2.477274,5.188976,2.000000
2.477274,5.190197,2.000000
2.477274,5.191336,2.000000
2.477274,5.192300,2.000000
2.477274,5.193192,2.000000
2.477274,5.193983,2.000000
2.477274,5.194673,2.000000
2.477274,5.195312,2.000000
2.477274,5.195864,2.000000
2.477274,5.196364,2.000000
2.479226,5.192105,2.000000
2.479226,5.194220,2.000000
2.479226,5.196239,2.000000
2.479226,5.197911,2.000000
2.479226,5.199477,2.000000
2.479226,5.200867,2.000000
2.479226,5.202065,2.000000
2.479226,5.203193,2.000000
2.479226,5.204153,2.000000
2.479226,5.205028,2.000000
2.479226,5.205816,2.000000
2.479226,5.206497,2.000000
2.479226,5.207128,2.000000
2.479226,5.207676,2.000000
2.479226,5.208167,2.000000
2.481426,5.205476,2.000000
2.481426,5.207567,2.000000
2.481426,5.209576,2.000000
2.481426,5.211254,2.000000
2.481426,5.212798,2.000000
2.481426,5.214194,2.000000
2.481426,5.215383,2.000000
2.481426,5.216503,2.000000
2.481426,5.217465,2.000000
2.481426,5.218329,2.000000
2.481426,5.219117,2.000000
2.481426,5.219795,2.000000
2.481426,5.220420,2.000000
2.481426,5.220969,2.000000
2.481426,5.221455,2.000000
2.483868,5.220216,2.000000
2.483868,5.222304,2.000000
2.483868,5.224314,2.000000
2.483868,5.226002,2.000000
2.483868,5.227540,2.000000
2.483868,5.228943,2.000000
2.483868,5.230132,2.000000
2.483868,5.231251,2.000000
2.483868,5.232218,2.000000
2.483868,5.233080,2.000000
2.483868,5.233870,2.000000
2.483868,5.234548,2.000000
2.483868,5.235172,2.000000
2.483868,5.235723,2.000000
2.483868,5.236208,2.000000
2.486547,5.236314,2.000000
2.486547,5.238410,2.000000
2.486547,5.240438,2.000000
2.486547,5.242138,2.000000
2.486547,5.243683,2.000000
2.486547,5.245099,2.000000
2.486547,5.246294,2.000000
2.486547,5.247420,2.000000
2.486547,5.248394,2.000000
2.486547,5.249260,2.000000
2.486547,5.250056,2.000000
2.486547,5.250738,2.000000
2.486547,5.251365,2.000000
2.486547,5.251920,2.000000
2.486547,5.252407,2.000000
2.489460,5.253747,2.000000
2.489460,5.255865,2.000000
2.489460,5.257926,2.000000
2.489460,5.259639,2.000000
2.489460,5.261206,2.000000
2.489460,5.262639,2.000000
2.489460,5.263845,2.000000
2.489460,5.264987,2.000000
2.489460,5.265971,2.000000
2.489460,5.266847,2.000000
2.489460,5.267654,2.000000
2.489460,5.268341,2.000000
2.489460,5.268976,2.000000
2.489460,5.269537,2.000000
2.489460,5.270029,2.000000
2.492599,5.272486,2.000000
2.492599,5.274648,2.000000
2.492599,5.276750,2.000000
2.492599,5.278481,2.000000
2.492599,5.280086,2.000000
2.492599,5.281538,2.000000
2.492599,5.282764,2.000000
2.492599,5.283929,2.000000
2.492599,5.284925,2.000000
2.492599,5.285817,2.000000
2.492599,5.286637,2.000000
2.492599,5.287334,2.000000
2.492599,5.287981,2.000000
2.492599,5.288549,2.000000
2.492599,5.289050,2.000000
2.495959,5.292498,2.000000
2.495959,5.294742,2.000000
2.495959,5.296878,2.000000
2.495959,5.298641,2.000000
2.495959,5.300298,2.000000
2.495959,5.301765,2.000000
2.495959,5.303027,2.000000
2.495959,5.304217,2.000000
2.495959,5.305228,2.000000
2.495959,5.306147,2.000000
2.495959,5.306978,2.000000
2.495959,5.307692,2.000000
2.495959,5.308354,2.000000
2.495959,5.308931,2.000000
2.495959,5.309445,2.000000
2.499534,5.313753,2.000000
2.499534,5.316130,2.000000
2.499534,5.318272,2.000000
2.499534,5.320098,2.000000
2.499534,5.321814,2.000000
2.499534,5.323291,2.000000
2.499534,5.324613,2.000000
2.499534,5.325821,2.000000
2.499534,5.326856,2.000000
2.499534,5.327810,2.000000
2.499534,5.328650,2.000000
2.499534,5.329391,2.000000
2.499534,5.330068,2.000000
2.499534,5.330656,2.000000
2.499534,5.331188,2.000000
2.503318,5.336235,2.000000
2.503318,5.338776,2.000000
2.503318,5.340895,2.000000
2.503318,5.342831,2.000000
2.503318,5.344597,2.000000
2.503318,5.346088,2.000000
2.503318,5.347493,2.000000
2.503318,5.348707,2.000000
2.503318,5.349784,2.000000
2.503318,5.350776,2.000000
2.503318,5.351624,2.000000
2.503318,5.352403,2.000000
2.503318,5.353093,2.000000
2.503318,5.353697,2.000000
2.507305,5.359958,2.000000
2.507305,5.362613,2.000000
2.507305,5.364739,2.000000
2.507305,5.366814,2.000000
2.507305,5.368604,2.000000
2.507305,5.370148,2.000000
2.507305,5.371628,2.000000
2.507305,5.372852,2.000000
2.507305,5.373989,2.000000
2.507305,5.375010,2.000000
2.507305,5.375878,2.000000
2.507305,5.376698,2.000000
2.507305,5.377401,2.000000
2.507305,5.378029,2.000000
2.511489,5.384950,2.000000
2.511489,5.387592,2.000000
2.511489,5.389853,2.000000
2.511489,5.392018,2.000000
2.511489,5.393825,2.000000
2.511489,5.395482,2.000000
2.511489,5.396984,2.000000
2.511489,5.398258,2.000000
2.511489,5.399454,2.000000
2.511489,5.400489,2.000000
2.511489,5.401407,2.000000
2.511489,5.402251,2.000000
2.511489,5.402973,2.000000
2.511489,5.403635,2.000000
2.515862,5.411153,2.000000
2.515862,5.413745,2.000000
2.515862,5.416255,2.000000
2.515862,5.418408,2.000000
2.515862,5.420290,2.000000
2.515862,5.422068,2.000000
2.515862,5.423551,2.000000
2.515862,5.424926,2.000000
2.515862,5.426154,2.000000
2.515862,5.427207,2.000000
2.515862,5.428193,2.000000
2.515862,5.429041,2.000000
2.515862,5.429800,2.000000
2.515862,5.430492,2.000000
2.520418,5.438513,2.000000
2.520418,5.441210,2.000000
2.520418,5.443883,2.000000
2.520418,5.446020,2.000000
2.520418,5.448036,2.000000
2.520418,5.449862,2.000000
2.520418,5.451373,2.000000
2.520418,5.452838,2.000000
2.520418,5.454077,2.000000
2.520418,5.455178,2.000000
2.520418,5.456207,2.000000
2.520418,5.457066,2.000000
2.520418,5.457868,2.000000
2.520418,5.458577,2.000000
2.525151,5.467152,2.000000
2.525151,5.470089,2.000000
2.525151,5.472735,2.000000
2.525151,5.474961,2.000000
2.525151,5.477081,2.000000
2.525151,5.478891,2.000000
2.525151,5.480502,2.000000
2.525151,5.481991,2.000000
2.525151,5.483251,2.000000
2.525151,5.484415,2.000000
2.525151,5.485446,2.000000
2.525151,5.486342,2.000000
2.525151,5.487170,2.000000
2.525151,5.487886,2.000000
2.530055,5.497147,2.000000
2.530055,5.500284,2.000000
2.530055,5.502847,2.000000
2.530055,5.505215,2.000000
2.530055,5.507377,2.000000
2.530055,5.509177,2.000000
2.530055,5.510893,2.000000
2.530055,5.512370,2.000000
2.530055,5.513668,2.000000
2.530055,5.514879,2.000000
2.530055,5.515902,2.000000
2.530055,5.516841,2.000000
2.530055,5.517681,2.000000
2.530055,5.518404,2.000000
2.535122,5.528441,2.000000
2.535122,5.531668,2.000000
2.535122,5.534212,2.000000
2.535122,5.536691,2.000000
2.535122,5.538865,2.000000
2.535122,5.540691,2.000000
2.535122,5.542470,2.000000
2.535122,5.543944,2.000000
2.535122,5.545281,2.000000
2.535122,5.546517,2.000000
2.535122,5.547545,2.000000
2.535122,5.548514,2.000000
2.535122,5.549361,2.000000
2.535122,5.550096,2.000000
2.540348,5.560912,2.000000
2.540348,5.564136,2.000000
2.540348,5.566747,2.000000
2.540348,5.569292,2.000000
2.540348,5.571470,2.000000
2.540348,5.573359,2.000000
2.540348,5.575158,2.000000
2.540348,5.576652,2.000000
2.540348,5.578028,2.000000
2.540348,5.579271,2.000000
2.540348,5.580323,2.000000
2.540348,5.581311,2.000000
2.540348,5.582165,2.000000
2.540348,5.582919,2.000000
2.545725,5.594424,2.000000
2.545725,5.597590,2.000000
2.545725,5.600342,2.000000
2.545725,5.602926,2.000000
2.545725,5.605109,2.000000
2.545725,5.607095,2.000000
2.545725,5.608890,2.000000
2.545725,5.610424,2.000000
2.545725,5.611844,2.000000
2.545725,5.613085,2.000000
2.545725,5.614177,2.000000
2.545725,5.615179,2.000000
2.545725,5.616043,2.000000
2.545725,5.616823,2.000000
2.551248,5.625026,2.000000
2.551248,5.628842,2.000000
2.551248,5.631958,2.000000
2.551248,5.634899,2.000000
2.551248,5.637507,2.000000
2.551248,5.639720,2.000000
2.551248,5.641820,2.000000
2.551248,5.643606,2.000000
2.551248,5.645201,2.000000
2.551248,5.646669,2.000000
2.551248,5.647912,2.000000
2.551248,5.649057,2.000000
2.551248,5.650073,2.000000
2.551248,5.650952,2.000000
2.551248,5.651764,2.000000
2.556911,5.660153,2.000000
2.556911,5.664044,2.000000
2.556911,5.667226,2.000000
2.556911,5.670343,2.000000
2.556911,5.672970,2.000000
2.556911,5.675278,2.000000
2.556911,5.677463,2.000000
2.556911,5.679270,2.000000
2.556911,5.680945,2.000000
2.556911,5.682449,2.000000
2.556911,5.683723,2.000000
2.556911,5.684920,2.000000
2.556911,5.685953,2.000000
2.556911,5.686864,2.000000
2.556911,5.687705,2.000000
2.562707,5.696083,2.000000
2.562707,5.699957,2.000000
2.562707,5.703408,2.000000
2.562707,5.706597,2.000000
2.562707,5.709287,2.000000
2.562707,5.711764,2.000000
2.562707,5.713967,2.000000
2.562707,5.715866,2.000000
2.562707,5.717624,2.000000
2.562707,5.719147,2.000000
2.562707,5.720499,2.000000
2.562707,5.721731,2.000000
2.562707,5.722793,2.000000
2.562707,5.723754,2.000000
2.562707,5.724612,2.000000
2.568633,5.732633,2.000000
2.568633,5.736599,2.000000
2.568633,5.740406,2.000000
2.568633,5.743579,2.000000
2.568633,5.746449,2.000000
2.568633,5.749088,2.000000
2.568633,5.751298,2.000000
2.568633,5.753358,2.000000
2.568633,5.755173,2.000000
2.568633,5.756738,2.000000
2.568633,5.758196,2.000000
2.568633,5.759448,2.000000
2.568633,5.760565,2.000000
2.568633,5.761584,2.000000
2.568633,5.762457,2.000000
2.574681,5.769717,2.000000
2.574681,5.774071,2.000000
2.574681,5.778009,2.000000
2.574681,5.781320,2.000000
2.574681,5.784432,2.000000
2.574681,5.787133,2.000000
2.574681,5.789489,2.000000
2.574681,5.791678,2.000000
2.574681,5.793544,2.000000
2.574681,5.795227,2.000000
2.574681,5.796749,2.000000
2.574681,5.798055,2.000000
2.574681,5.799250,2.000000
2.574681,5.800304,2.000000
2.580848,5.807481,2.000000
2.580848,5.812202,2.000000
2.580848,5.816133,2.000000
2.580848,5.819863,2.000000
2.580848,5.823088,2.000000
2.580848,5.825891,2.000000
2.580848,5.828513,2.000000
2.580848,5.830735,2.000000
2.580848,5.832740,2.000000
2.580848,5.834561,2.000000
2.580848,5.836112,2.000000
2.580848,5.837538,2.000000
2.580848,5.838796,2.000000
2.580848,5.839890,2.000000
2.587127,5.845826,2.000000
2.587127,5.850641,2.000000
2.587127,5.855015,2.000000
2.587127,5.858970,2.000000
2.587127,5.862336,2.000000
2.587127,5.865444,2.000000
2.587127,5.868173,2.000000
2.587127,5.870550,2.000000
2.587127,5.872736,2.000000
2.587127,5.874625,2.000000
2.587127,5.876310,2.000000
2.587127,5.877835,2.000000
2.587127,5.879153,2.000000
2.587127,5.880344,2.000000
2.593515,5.884261,2.000000
2.593515,5.889615,2.000000
2.593515,5.894453,2.000000
2.593515,5.898461,2.000000
2.593515,5.902286,2.000000
2.593515,5.905583,2.000000
2.593515,5.908438,2.000000
2.593515,5.911124,2.000000
2.593515,5.913390,2.000000
2.593515,5.915430,2.000000
2.593515,5.917293,2.000000
2.593515,5.918870,2.000000
2.593515,5.920320,2.000000
2.593515,5.921606,2.000000
2.600006,5.923217,2.000000
2.600006,5.929006,2.000000
2.600006,5.933974,2.000000
2.600006,5.938669,2.000000
2.600006,5.942637,2.000000
2.600006,5.946185,2.000000
2.600006,5.949445,2.000000
2.600006,5.952199,2.000000
2.600006,5.954722,2.000000
2.600006,5.956972,2.000000
2.600006,5.958904,2.000000
2.600006,5.960684,2.000000
2.600006,5.962237,2.000000
2.600006,5.963600,2.000000
2.606596,5.962127,2.000000
2.606596,5.968311,2.000000
2.606596,5.974072,2.000000
2.606596,5.978973,2.000000
2.606596,5.983370,2.000000
2.606596,5.987367,2.000000
2.606596,5.990777,2.000000
2.606596,5.993889,2.000000
2.606596,5.996652,2.000000
2.606596,5.999042,2.000000
2.606596,6.001231,2.000000
2.606596,6.003142,2.000000
2.606596,6.004825,2.000000
2.606596,6.006354,2.000000
2.613281,6.000678,2.000000
2.613281,6.007940,2.000000
2.613281,6.013925,2.000000
2.613281,6.019488,2.000000
2.613281,6.024464,2.000000
2.613281,6.028659,2.000000
2.613281,6.032595,2.000000
2.613281,6.036006,2.000000
2.613281,6.038972,2.000000
2.613281,6.041726,2.000000
2.613281,6.044078,2.000000
2.613281,6.046179,2.000000
2.613281,6.048090,2.000000
2.613281,6.049724,2.000000
2.620057,6.039155,2.000000
2.620057,6.046645,2.000000
2.620057,6.053936,2.000000
2.620057,6.059938,2.000000
2.620057,6.065323,2.000000
2.620057,6.070357,2.000000
2.620057,6.074499,2.000000
2.620057,6.078345,2.000000
2.620057,6.081795,2.000000
2.620057,6.084693,2.000000
2.620057,6.087412,2.000000
2.620057,6.089776,2.000000
2.620057,6.091821,2.000000
2.620057,6.093723,2.000000
2.626919,6.076349,2.000000
2.626919,6.085349,2.000000
2.626919,6.092800,2.000000
2.626919,6.100112,2.000000
2.626919,6.106199,2.000000
2.626919,6.111539,2.000000
2.626919,6.116613,2.000000
2.626919,6.120788,2.000000
2.626919,6.124603,2.000000
2.626919,6.128091,2.000000
2.626919,6.130992,2.000000
2.626919,6.133696,2.000000
2.626919,6.136087,2.000000
2.626919,6.138122,2.000000
2.633865,6.111632,2.000000
2.633865,6.122216,2.000000
2.633865,6.131272,2.000000
2.633865,6.138960,2.000000
2.633865,6.146373,2.000000
2.633865,6.152539,2.000000
2.633865,6.158027,2.000000
2.633865,6.163152,2.000000
2.633865,6.167402,2.000000
2.633865,6.171301,2.000000
2.633865,6.174822,2.000000
2.633865,6.177783,2.000000
2.633865,6.180532,2.000000
2.633865,6.182949,2.000000
2.640890,6.131784,2.000000
2.640890,6.144730,2.000000
2.640890,6.156534,2.000000
2.640890,6.167553,2.000000
2.640890,6.176493,2.000000
2.640890,6.184923,2.000000
2.640890,6.192427,2.000000
2.640890,6.198692,2.000000
2.640890,6.204633,2.000000
2.640890,6.209755,2.000000
2.640890,6.214175,2.000000
2.640890,6.218318,2.000000
2.640890,6.221835,2.000000
2.640890,6.224956,2.000000
2.647992,6.156864,2.000000
2.647992,6.173494,2.000000
2.647992,6.186359,2.000000
2.647992,6.200228,2.000000
2.647992,6.211152,2.000000
2.647992,6.220589,2.000000
2.647992,6.230162,2.000000
2.647992,6.237527,2.000000
2.647992,6.244393,2.000000
2.647992,6.250896,2.000000
2.647992,6.255980,2.000000
2.647992,6.260902,2.000000
2.647992,6.265299,2.000000
2.647992,6.268864,2.000000
2.655166,6.172909,2.000000
2.655166,6.191848,2.000000
2.655166,6.209017,2.000000
2.655166,6.226268,2.000000
2.655166,6.239081,2.000000
2.655166,6.251681,2.000000
2.655166,6.263226,2.000000
2.655166,6.272181,2.000000
2.655166,6.281191,2.000000
2.655166,6.288927,2.000000
2.655166,6.295285,2.000000
2.655166,6.301604,2.000000
2.655166,6.306832,2.000000
2.655166,6.311364,2.000000
2.662410,6.161366,2.000000
2.662410,6.187083,2.000000
2.662410,6.215163,2.000000
2.662410,6.232641,2.000000
2.662410,6.252608,2.000000
2.662410,6.270538,2.000000
2.662410,6.283061,2.000000
2.662410,6.297570,2.000000
2.662410,6.309134,2.000000
2.662410,6.318354,2.000000
2.662410,6.328485,2.000000
2.662410,6.336122,2.000000
2.662410,6.342895,2.000000
2.662410,6.349815,2.000000
2.669721,6.011399,2.000000
2.669721,6.045252,2.000000
2.669721,6.093143,2.000000
2.669721,6.142783,2.000000
2.669721,6.166089,2.000000
2.669721,6.205845,2.000000
2.669721,6.233515,2.000000
2.669721,6.253367,2.000000
2.669721,6.281287,2.000000
2.669721,6.297984,2.000000
2.669721,6.314285,2.000000
2.669721,6.332662,2.000000
2.669721,6.343721,2.000000
2.669721,6.356248,2.000000
2.677097,6.175040,2.000000
2.677097,6.202186,2.000000
2.677097,6.243195,2.000000
2.677097,6.272270,2.000000
2.677097,6.294474,2.000000
2.677097,6.323013,2.000000
2.677097,6.341124,2.000000
2.677097,6.358693,2.000000
2.677097,6.377576,2.000000
2.677097,6.389737,2.000000
2.677097,6.402932,2.000000
2.677097,6.415270,2.000000
2.677097,6.423817,2.000000
2.684533,6.239972,2.000000
2.684533,6.277692,2.000000
2.684533,6.305831,2.000000
2.684533,6.337196,2.000000
2.684533,6.361539,2.000000
2.684533,6.382339,2.000000
2.684533,6.403912,2.000000
2.684533,6.420200,2.000000
2.684533,6.435345,2.000000
2.684533,6.449944,2.000000
2.684533,6.461126,2.000000
2.684533,6.471955,2.000000
2.684533,6.481802,2.000000
2.692028,6.239314,2.000000
2.692028,6.288078,2.000000
2.692028,6.323200,2.000000
2.692028,6.353315,2.000000
2.692028,6.386573,2.000000
2.692028,6.409543,2.000000
2.692028,6.432231,2.000000
2.692028,6.454285,2.000000
2.692028,6.470105,2.000000
2.692028,6.486540,2.000000
2.692028,6.501157,2.000000
2.692028,6.512306,2.000000
2.692028,6.523911,2.000000
2.692028,6.533675,2.000000
2.471803,16.330351,3.000000
2.471803,16.334304,3.000000
2.471803,16.334428,3.000000
2.471803,16.338649,3.000000
2.471803,16.338568,3.000000
2.471803,16.342034,3.000000
2.471803,16.341548,3.000000
2.471803,16.345018,3.000000
2.471803,16.344786,3.000000
2.471803,16.348068,3.000000
2.471803,16.347420,3.000000
2.471803,16.350316,3.000000
2.471803,16.349703,3.000000
2.471803,16.352668,3.000000
2.471803,16.352003,3.000000
2.471803,16.354647,3.000000
2.471803,16.353764,3.000000
2.471803,16.356329,3.000000
2.471803,16.355531,3.000000
2.471803,16.358021,3.000000
2.471803,16.357056,3.000000
2.471803,16.359344,3.000000
2.471803,16.358349,3.000000
2.471803,16.360633,3.000000
2.471803,16.359626,3.000000
2.471803,16.361772,3.000000
2.471803,16.360654,3.000000
2.471803,16.362729,3.000000
2.471803,16.361631,3.000000
2.471810,16.330463,3.000000
2.471810,16.334405,3.000000
2.471810,16.334516,3.000000
2.471810,16.338736,3.000000
2.471810,16.338664,3.000000
2.471810,16.342135,3.000000
2.471810,16.341642,3.000000
2.471810,16.345104,3.000000
2.471810,16.344870,3.000000
2.471810,16.348157,3.000000
2.471810,16.347512,3.000000
2.471810,16.350406,3.000000
2.471810,16.349787,3.000000
2.471810,16.352749,3.000000
2.471810,16.352088,3.000000
2.471810,16.354734,3.000000
2.471810,16.353849,3.000000
2.471810,16.356411,3.000000
2.471810,16.355611,3.000000
2.471810,16.358102,3.000000
2.471810,16.357139,3.000000
2.471810,16.359426,3.000000
2.471810,16.358429,3.000000
2.471810,16.360712,3.000000
2.471810,16.359705,3.000000
2.471810,16.361852,3.000000
2.471810,16.360734,3.000000
2.471810,16.362807,3.000000
2.471810,16.361707,3.000000
2.471825,16.330686,3.000000
2.471825,16.334608,3.000000
2.471825,16.334692,3.000000
2.471825,16.338911,3.000000
2.471825,16.338856,3.000000
2.471825,16.342336,3.000000
2.471825,16.341831,3.000000
2.471825,16.345277,3.000000
2.471825,16.345039,3.000000
2.471825,16.348336,3.000000
2.471825,16.347697,3.000000
2.471825,16.350585,3.000000
2.471825,16.349954,3.000000
2.471825,16.352914,3.000000
2.471825,16.352257,3.000000
2.471825,16.354908,3.000000
2.471825,16.354019,3.000000
2.471825,16.356575,3.000000
2.471825,16.355770,3.000000
2.471825,16.358265,3.000000
2.471825,16.357305,3.000000
2.471825,16.359591,3.000000
2.471825,16.358588,3.000000
2.471825,16.360870,3.000000
2.471825,16.359863,3.000000
2.471825,16.362013,3.000000
2.471825,16.360893,3.000000
2.471825,16.362965,3.000000
2.471825,16.361862,3.000000
2.471854,16.331133,3.000000
2.471854,16.335019,3.000000
2.471854,16.335050,3.000000
2.471854,16.339261,3.000000
2.471854,16.339239,3.000000
2.471854,16.342741,3.000000
2.471854,16.342213,3.000000
2.471854,16.345625,3.000000
2.471854,16.345379,3.000000
2.471854,16.348695,3.000000
2.471854,16.348068,3.000000
2.471854,16.350947,3.000000
2.471854,16.350292,3.000000
2.471854,16.353245,3.000000
2.471854,16.352597,3.000000
2.471854,16.355259,3.000000
2.471854,16.354362,3.000000
2.471854,16.356906,3.000000
2.471854,16.356093,3.000000
2.471854,16.358594,3.000000
2.471854,16.357638,3.000000
2.471854,16.359923,3.000000
2.471854,16.358909,3.000000
2.471854,16.361188,3.000000
2.471854,16.360182,3.000000
2.471854,16.362337,3.000000
2.471854,16.361214,3.000000
2.471854,16.363282,3.000000
2.471854,16.362173,3.000000
2.471915,16.332028,3.000000
2.471915,16.335854,3.000000
2.471915,16.335780,3.000000
2.471915,16.339969,3.000000
2.471915,16.340007,3.000000
2.471915,16.343553,3.000000
2.471915,16.342987,3.000000
2.471915,16.346336,3.000000
2.471915,16.346067,3.000000
2.471915,16.349417,3.000000
2.471915,16.348817,3.000000
2.471915,16.351681,3.000000
2.471915,16.350980,3.000000
2.471915,16.353918,3.000000
2.471915,16.353284,3.000000
2.471915,16.355969,3.000000
2.471915,16.355060,3.000000
2.471915,16.357580,3.000000
2.471915,16.356749,3.000000
2.471915,16.359262,3.000000
2.471915,16.358314,3.000000
2.471915,16.360599,3.000000
2.471915,16.359565,3.000000
2.471915,16.361835,3.000000
2.471915,16.360829,3.000000
2.471915,16.362996,3.000000
2.471915,16.361867,3.000000
2.471915,16.363929,3.000000
2.471915,16.362807,3.000000
2.472041,16.333819,3.000000
2.472041,16.337575,3.000000
2.472041,16.337304,3.000000
2.472041,16.341423,3.000000
2.472041,16.341548,3.000000
2.472041,16.345191,3.000000
2.472041,16.344581,3.000000
2.472041,16.347817,3.000000
2.472041,16.347483,3.000000
2.472041,16.350882,3.000000
2.472041,16.350338,3.000000
2.472041,16.353194,3.000000
2.472041,16.352410,3.000000
2.472041,16.355308,3.000000
2.472041,16.354690,3.000000
2.472041,16.357419,3.000000
2.472041,16.356497,3.000000
2.472041,16.358979,3.000000
2.472041,16.358107,3.000000
2.472041,16.360634,3.000000
2.472041,16.359703,3.000000
2.472041,16.361995,3.000000
2.472041,16.360924,3.000000
2.472041,16.363178,3.000000
2.472041,16.362165,3.000000
2.472041,16.364354,3.000000
2.472041,16.363218,3.000000
2.472041,16.365271,3.000000
2.472041,16.364124,3.000000
2.472313,16.337386,3.000000
2.472313,16.341165,3.000000
2.472313,16.340612,3.000000
2.472313,16.344528,3.000000
2.472313,16.344697,3.000000
2.472313,16.348517,3.000000
2.472313,16.347916,3.000000
2.472313,16.351008,3.000000
2.472313,16.350511,3.000000
2.472313,16.353932,3.000000
2.472313,16.353477,3.000000
2.472313,16.356373,3.000000
2.472313,16.355477,3.000000
2.472313,16.358287,3.000000
2.472313,16.357649,3.000000
2.472313,16.360451,3.000000
2.472313,16.359533,3.000000
2.472313,16.361977,3.000000
2.472313,16.361017,3.000000
2.472313,16.363546,3.000000
2.472313,16.362632,3.000000
2.472313,16.364958,3.000000
2.472313,16.363836,3.000000
2.472313,16.366061,3.000000
2.472313,16.365016,3.000000
2.472313,16.367239,3.000000
2.472313,16.366096,3.000000
2.472313,16.368149,3.000000
2.472313,16.366952,3.000000
2.472937,16.344600,3.000000
2.472937,16.348723,3.000000
2.472937,16.348086,3.000000
2.472937,16.351673,3.000000
2.472937,16.351561,3.000000
2.472937,16.355496,3.000000
2.472937,16.355064,3.000000
2.472937,16.358185,3.000000
2.472937,16.357421,3.000000
2.472937,16.360698,3.000000
2.472937,16.360240,3.000000
2.472937,16.363291,3.000000
2.472937,16.362362,3.000000
2.472937,16.365077,3.000000
2.472937,16.364271,3.000000
2.472937,16.367109,3.000000
2.472937,16.366225,3.000000
2.472937,16.368721,3.000000
2.472937,16.367636,3.000000
2.472937,16.370118,3.000000
2.472937,16.369150,3.000000
2.472937,16.371556,3.000000
2.472937,16.370402,3.000000
2.472937,16.372622,3.000000
2.472937,16.371472,3.000000
2.472937,16.373721,3.000000
2.472937,16.372556,3.000000
2.472937,16.374661,3.000000
2.472937,16.373389,3.000000
2.474126,16.357171,3.000000
2.474126,16.361597,3.000000
2.474126,16.361363,3.000000
2.474126,16.365023,3.000000
2.474126,16.364362,3.000000
2.474126,16.368019,3.000000
2.474126,16.367624,3.000000
2.474126,16.371105,3.000000
2.474126,16.370289,3.000000
2.474126,16.373369,3.000000
2.474126,16.372581,3.000000
2.474126,16.375736,3.000000
2.474126,16.374906,3.000000
2.474126,16.377739,3.000000
2.474126,16.376680,3.000000
2.474126,16.379428,3.000000
2.474126,16.378457,3.000000
2.474126,16.381137,3.000000
2.474126,16.380000,3.000000
2.474126,16.382471,3.000000
2.474126,16.381299,3.000000
2.474126,16.383767,3.000000
2.474126,16.382587,3.000000
2.474126,16.384919,3.000000
2.474126,16.383625,3.000000
2.474126,16.385880,3.000000
2.474126,16.384605,3.000000
2.474126,16.386827,3.000000
2.474126,16.385487,3.000000
2.475572,16.372236,3.000000
2.475572,16.376536,3.000000
2.475572,16.376464,3.000000
2.475572,16.380499,3.000000
2.475572,16.379641,3.000000
2.475572,16.383066,3.000000
2.475572,16.382396,3.000000
2.475572,16.386100,3.000000
2.475572,16.385366,3.000000
2.475572,16.388518,3.000000
2.475572,16.387413,3.000000
2.475572,16.390536,3.000000
2.475572,16.389662,3.000000
2.475572,16.392714,3.000000
2.475572,16.391541,3.000000
2.475572,16.394269,3.000000
2.475572,16.393091,3.000000
2.475572,16.395895,3.000000
2.475572,16.394724,3.000000
2.475572,16.397308,3.000000
2.475572,16.395948,3.000000
2.475572,16.398454,3.000000
2.475572,16.397167,3.000000
2.475572,16.399649,3.000000
2.475572,16.398252,3.000000
2.475572,16.400573,3.000000
2.475572,16.399137,3.000000
2.475572,16.401460,3.000000
2.475572,16.400035,3.000000
2.477274,16.390841,3.000000
2.477274,16.389825,3.000000
2.477274,16.393957,3.000000
2.477274,16.393719,3.000000
2.477274,16.398053,3.000000
2.477274,16.397181,3.000000
2.477274,16.400622,3.000000
2.477274,16.399631,3.000000
2.477274,16.403404,3.000000
2.477274,16.402645,3.000000
2.477274,16.406004,3.000000
2.477274,16.404711,3.000000
2.477274,16.407836,3.000000
2.477274,16.406783,3.000000
2.477274,16.410015,3.000000
2.477274,16.408768,3.000000
2.477274,16.411598,3.000000
2.477274,16.410207,3.000000
2.477274,16.413098,3.000000
2.477274,16.411822,3.000000
2.477274,16.414572,3.000000
2.477274,16.413068,3.000000
2.477274,16.415653,3.000000
2.477274,16.414201,3.000000
2.477274,16.416824,3.000000
2.477274,16.415318,3.000000
2.477274,16.417766,3.000000
2.477274,16.416165,3.000000
2.477274,16.418595,3.000000
2.477274,16.417039,3.000000
2.479226,16.410900,3.000000
2.479226,16.409744,3.000000
2.479226,16.413841,3.000000
2.479226,16.413310,3.000000
2.479226,16.417833,3.000000
2.479226,16.416941,3.000000
2.479226,16.420554,3.000000
2.479226,16.419298,3.000000
2.479226,16.423118,3.000000
2.479226,16.422222,3.000000
2.479226,16.425809,3.000000
2.479226,16.424386,3.000000
2.479226,16.427600,3.000000
2.479226,16.426321,3.000000
2.479226,16.429700,3.000000
2.479226,16.428347,3.000000
2.479226,16.431351,3.000000
2.479226,16.429769,3.000000
2.479226,16.432763,3.000000
2.479226,16.431324,3.000000
2.479226,16.434253,3.000000
2.479226,16.432611,3.000000
2.479226,16.435331,3.000000
2.479226,16.433690,3.000000
2.479226,16.436455,3.000000
2.479226,16.434809,3.000000
2.479226,16.437423,3.000000
2.479226,16.435656,3.000000
2.479226,16.438219,3.000000
2.479226,16.436497,3.000000
2.481426,16.433151,3.000000
2.481426,16.431892,3.000000
2.481426,16.436077,3.000000
2.481426,16.435250,3.000000
2.481426,16.439933,3.000000
2.481426,16.438953,3.000000
2.481426,16.442796,3.000000
2.481426,16.441319,3.000000
2.481426,16.445232,3.000000
2.481426,16.444141,3.000000
2.481426,16.447953,3.000000
2.481426,16.446394,3.000000
2.481426,16.449762,3.000000
2.481426,16.448252,3.000000
2.481426,16.451787,3.000000
2.481426,16.450285,3.000000
2.481426,16.453495,3.000000
2.481426,16.451725,3.000000
2.481426,16.454861,3.000000
2.481426,16.453227,3.000000
2.481426,16.456348,3.000000
2.481426,16.454547,3.000000
2.481426,16.457441,3.000000
2.481426,16.455600,3.000000
2.481426,16.458529,3.000000
2.481426,16.456711,3.000000
2.481426,16.459516,3.000000
2.481426,16.457569,3.000000
2.481426,16.460298,3.000000
2.481426,16.458386,3.000000
2.483868,16.457637,3.000000
2.483868,16.456229,3.000000
2.483868,16.460577,3.000000
2.483868,16.459488,3.000000
2.483868,16.464365,3.000000
2.483868,16.463237,3.000000
2.483868,16.467319,3.000000
2.483868,16.465623,3.000000
2.483868,16.469694,3.000000
2.483868,16.468393,3.000000
2.483868,16.472436,3.000000
2.483868,16.470706,3.000000
2.483868,16.474267,3.000000
2.483868,16.472529,3.000000
2.483868,16.476254,3.000000
2.483868,16.474569,3.000000
2.483868,16.478000,3.000000
2.483868,16.476027,3.000000
2.483868,16.479347,3.000000
2.483868,16.477502,3.000000
2.483868,16.480833,3.000000
2.483868,16.478844,3.000000
2.483868,16.481943,3.000000
2.483868,16.479888,3.000000
2.483868,16.483011,3.000000
2.483868,16.480995,3.000000
2.483868,16.484012,3.000000
2.483868,16.481865,3.000000
2.483868,16.484790,3.000000
2.483868,16.482669,3.000000
2.486547,16.484363,3.000000
2.486547,16.482731,3.000000
2.486547,16.487283,3.000000
2.486547,16.485969,3.000000
2.486547,16.491102,3.000000
2.486547,16.489781,3.000000
2.486547,16.494096,3.000000
2.486547,16.492163,3.000000
2.486547,16.496455,3.000000
2.486547,16.494945,3.000000
2.486547,16.499238,3.000000
2.486547,16.497291,3.000000
2.486547,16.501073,3.000000
2.486547,16.499103,3.000000
2.486547,16.503063,3.000000
2.486547,16.501168,3.000000
2.486547,16.504835,3.000000
2.486547,16.502633,3.000000
2.486547,16.506176,3.000000
2.486547,16.504108,3.000000
2.486547,16.507677,3.000000
2.486547,16.505470,3.000000
2.486547,16.508794,3.000000
2.486547,16.506510,3.000000
2.486547,16.509861,3.000000
2.486547,16.507626,3.000000
2.486547,16.510876,3.000000
2.486547,16.508503,3.000000
2.486547,16.511652,3.000000
2.486547,16.509305,3.000000
2.489460,16.513285,3.000000
2.489460,16.511355,3.000000
2.489460,16.516155,3.000000
2.489460,16.514652,3.000000
2.489460,16.520102,3.000000
2.489460,16.518541,3.000000
2.489460,16.523085,3.000000
2.489460,16.520895,3.000000
2.489460,16.525472,3.000000
2.489460,16.523753,3.000000
2.489460,16.528316,3.000000
2.489460,16.526108,3.000000
2.489460,16.530135,3.000000
2.489460,16.527931,3.000000
2.489460,16.532171,3.000000
2.489460,16.530040,3.000000
2.489460,16.533957,3.000000
2.489460,16.531501,3.000000
2.489460,16.535303,3.000000
2.489460,16.533001,3.000000
2.489460,16.536836,3.000000
2.489460,16.534378,3.000000
2.489460,16.537953,3.000000
2.489460,16.535421,3.000000
2.489460,16.539035,3.000000
2.489460,16.536558,3.000000
2.489460,16.540064,3.000000
2.489460,16.537438,3.000000
2.489460,16.540842,3.000000
2.489460,16.538249,3.000000
2.492599,16.544305,3.000000
2.492599,16.542040,3.000000
2.492599,16.547176,3.000000
2.492599,16.545516,3.000000
2.492599,16.551310,3.000000
2.492599,16.549441,3.000000
2.492599,16.554225,3.000000
2.492599,16.551786,3.000000
2.492599,16.556716,3.000000
2.492599,16.554767,3.000000
2.492599,16.559605,3.000000
2.492599,16.557097,3.000000
2.492599,16.561413,3.000000
2.492599,16.558976,3.000000
2.492599,16.563533,3.000000
2.492599,16.561127,3.000000
2.492599,16.565312,3.000000
2.492599,16.562583,3.000000
2.492599,16.566689,3.000000
2.492599,16.564135,3.000000
2.492599,16.568257,3.000000
2.492599,16.565517,3.000000
2.492599,16.569372,3.000000
2.492599,16.566577,3.000000
2.492599,16.570487,3.000000
2.492599,16.567740,3.000000
2.492599,16.571524,3.000000
2.492599,16.568622,3.000000
2.492599,16.572312,3.000000
2.495959,16.577275,3.000000
2.495959,16.574731,3.000000
2.495959,16.580372,3.000000
2.495959,16.578559,3.000000
2.495959,16.584643,3.000000
2.495959,16.582368,3.000000
2.495959,16.587453,3.000000
2.495959,16.584826,3.000000
2.495959,16.590174,3.000000
2.495959,16.587925,3.000000
2.495959,16.593016,3.000000
2.495959,16.590193,3.000000
2.495959,16.594879,3.000000
2.495959,16.592212,3.000000
2.495959,16.597096,3.000000
2.495959,16.594356,3.000000
2.495959,16.598836,3.000000
2.495959,16.595838,3.000000
2.495959,16.600301,3.000000
2.495959,16.597461,3.000000
2.495959,16.601878,3.000000
2.495959,16.598826,3.000000
2.495959,16.603004,3.000000
2.495959,16.599938,3.000000
2.495959,16.604172,3.000000
2.495959,16.601116,3.000000
2.495959,16.605201,3.000000
2.495959,16.602005,3.000000
2.495959,16.606020,3.000000
2.499534,16.612042,3.000000
2.499534,16.609425,3.000000
2.499534,16.615809,3.000000
2.499534,16.613756,3.000000
2.499534,16.619969,3.000000
2.499534,16.617198,3.000000
2.499534,16.622732,3.000000
2.499534,16.620030,3.000000
2.499534,16.625828,3.000000
2.499534,16.623139,3.000000
2.499534,16.628446,3.000000
2.499534,16.625341,3.000000
2.499534,16.630521,3.000000
2.499534,16.627614,3.000000
2.499534,16.632792,3.000000
2.499534,16.629644,3.000000
2.499534,16.634468,3.000000
2.499534,16.631235,3.000000
2.499534,16.636108,3.000000
2.499534,16.632924,3.000000
2.499534,16.637627,3.000000
2.499534,16.634242,3.000000
2.499534,16.638809,3.000000
2.499534,16.635464,3.000000
2.499534,16.640038,3.000000
2.499534,16.636623,3.000000
2.499534,16.641033,3.000000
2.499534,16.637537,3.000000
2.499534,16.641924,3.000000
2.503318,16.648613,3.000000
2.503318,16.646217,3.000000
2.503318,16.653474,3.000000
2.503318,16.650950,3.000000
2.503318,16.657126,3.000000
2.503318,16.653886,3.000000
2.503318,16.660099,3.000000
2.503318,16.657382,3.000000
2.503318,16.663570,3.000000
2.503318,16.660284,3.000000
2.503318,16.665833,3.000000
2.503318,16.662532,3.000000
2.503318,16.668320,3.000000
2.503318,16.665105,3.000000
2.503318,16.670524,3.000000
2.503318,16.666922,3.000000
2.503318,16.672180,3.000000
2.503318,16.668742,3.000000
2.503318,16.674048,3.000000
2.503318,16.670442,3.000000
2.503318,16.675438,3.000000
2.503318,16.671722,3.000000
2.503318,16.676748,3.000000
2.503318,16.673101,3.000000
2.503318,16.678016,3.000000
2.503318,16.674197,3.000000
2.503318,16.678973,3.000000
2.503318,16.675175,3.000000
2.503318,16.679972,3.000000
2.507305,16.687364,3.000000
2.507305,16.685211,3.000000
2.507305,16.693061,3.000000
2.507305,16.689803,3.000000
2.507305,16.696080,3.000000
2.507305,16.692623,3.000000
2.507305,16.699647,3.000000
2.507305,16.696720,3.000000
2.507305,16.703153,3.000000
2.507305,16.699278,3.000000
2.507305,16.705266,3.000000
2.507305,16.701824,3.000000
2.507305,16.708179,3.000000
2.507305,16.704515,3.000000
2.507305,16.710194,3.000000
2.507305,16.706205,3.000000
2.507305,16.712000,3.000000
2.507305,16.708297,3.000000
2.507305,16.713997,3.000000
2.507305,16.709924,3.000000
2.507305,16.715290,3.000000
2.507305,16.711264,3.000000
2.507305,16.716777,3.000000
2.507305,16.712757,3.000000
2.507305,16.718023,3.000000
2.507305,16.713793,3.000000
2.507305,16.719000,3.000000
2.507305,16.714874,3.000000
2.507305,16.720090,3.000000
2.511489,16.728809,3.000000
2.511489,16.726221,3.000000
2.511489,16.734017,3.000000
2.511489,16.730122,3.000000
2.511489,16.737157,3.000000
2.511489,16.733754,3.000000
2.511489,16.741326,3.000000
2.511489,16.737715,3.000000
2.511489,16.744376,3.000000
2.511489,16.740239,3.000000
2.511489,16.746971,3.000000
2.511489,16.743231,3.000000
2.511489,16.749893,3.000000
2.511489,16.745672,3.000000
2.511489,16.751828,3.000000
2.511489,16.747612,3.000000
2.511489,16.753956,3.000000
2.511489,16.749785,3.000000
2.511489,16.755815,3.000000
2.511489,16.751335,3.000000
2.511489,16.757238,3.000000
2.511489,16.752885,3.000000
2.511489,16.758818,3.000000
2.511489,16.754324,3.000000
2.511489,16.760003,3.000000
2.511489,16.755418,3.000000
2.511489,16.761118,3.000000
2.511489,16.756584,3.000000
2.511489,16.762192,3.000000
2.515862,16.772594,3.000000
2.515862,16.768695,3.000000
2.515862,16.776269,3.000000
2.515862,16.772314,3.000000
2.515862,16.780695,3.000000
2.515862,16.777156,3.000000
2.515862,16.784769,3.000000
2.515862,16.780236,3.000000
2.515862,16.787443,3.000000
2.515862,16.783383,3.000000
2.515862,16.790911,3.000000
2.515862,16.786540,3.000000
2.515862,16.793323,3.000000
2.515862,16.788640,3.000000
2.515862,16.795556,3.000000
2.515862,16.791142,3.000000
2.515862,16.797909,3.000000
2.515862,16.793087,3.000000
2.515862,16.799500,3.000000
2.515862,16.794733,3.000000
2.515862,16.801286,3.000000
2.515862,16.796501,3.000000
2.515862,16.802774,3.000000
2.515862,16.797765,3.000000
2.515862,16.803971,3.000000
2.515862,16.799064,3.000000
2.515862,16.805265,3.000000
2.515862,16.800224,3.000000
2.520418,16.817590,3.000000
2.520418,16.812613,3.000000
2.520418,16.820797,3.000000
2.520418,16.817043,3.000000
2.520418,16.826361,3.000000
2.520418,16.822116,3.000000
2.520418,16.829794,3.000000
2.520418,16.824765,3.000000
2.520418,16.832852,3.000000
2.520418,16.828639,3.000000
2.520418,16.836626,3.000000
2.520418,16.831523,3.000000
2.520418,16.838701,3.000000
2.520418,16.833741,3.000000
2.520418,16.841399,3.000000
2.520418,16.836536,3.000000
2.520418,16.843651,3.000000
2.520418,16.838266,3.000000
2.520418,16.845255,3.000000
2.520418,16.840168,3.000000
2.520418,16.847277,3.000000
2.520418,16.841945,3.000000
2.520418,16.848631,3.000000
2.520418,16.843177,3.000000
2.520418,16.849972,3.000000
2.520418,16.844644,3.000000
2.520418,16.851311,3.000000
2.520418,16.845742,3.000000
2.525151,16.863747,3.000000
2.525151,16.858781,3.000000
2.525151,16.868345,3.000000
2.525151,16.864258,3.000000
2.525151,16.873613,3.000000
2.525151,16.868453,3.000000
2.525151,16.876824,3.000000
2.525151,16.871805,3.000000
2.525151,16.880681,3.000000
2.525151,16.875728,3.000000
2.525151,16.883921,3.000000
2.525151,16.878344,3.000000
2.525151,16.886355,3.000000
2.525151,16.881094,3.000000
2.525151,16.889205,3.000000
2.525151,16.883636,3.000000
2.525151,16.891225,3.000000
2.525151,16.885496,3.000000
2.525151,16.893182,3.000000
2.525151,16.887579,3.000000
2.525151,16.895090,3.000000
2.525151,16.889195,3.000000
2.525151,16.896479,3.000000
2.525151,16.890628,3.000000
2.525151,16.897977,3.000000
2.525151,16.892076,3.000000
2.525151,16.899209,3.000000
2.525151,16.893161,3.000000
2.530055,16.912002,3.000000
2.530055,16.907441,3.000000
2.530055,16.918271,3.000000
2.530055,16.913340,3.000000
2.530055,16.922535,3.000000
2.530055,16.916684,3.000000
2.530055,16.926113,3.000000
2.530055,16.921055,3.000000
2.530055,16.930474,3.000000
2.530055,16.924573,3.000000
2.530055,16.933083,3.000000
2.530055,16.927196,3.000000
2.530055,16.936137,3.000000
2.530055,16.930406,3.000000
2.530055,16.938851,3.000000
2.530055,16.932557,3.000000
2.530055,16.940768,3.000000
2.530055,16.934721,3.000000
2.530055,16.943081,3.000000
2.530055,16.936836,3.000000
2.530055,16.944754,3.000000
2.530055,16.938320,3.000000
2.530055,16.946291,3.000000
2.530055,16.939992,3.000000
2.530055,16.947868,3.000000
2.530055,16.941333,3.000000
2.530055,16.948987,3.000000
2.530055,16.942462,3.000000
2.535122,16.952157,3.000000
2.535122,16.962764,3.000000
2.535122,16.958202,3.000000
2.535122,16.969803,3.000000
2.535122,16.963967,3.000000
2.535122,16.973416,3.000000
2.535122,16.967106,3.000000
2.535122,16.977494,3.000000
2.535122,16.972041,3.000000
2.535122,16.981917,3.000000
2.535122,16.975228,3.000000
2.535122,16.984303,3.000000
2.535122,16.978039,3.000000
2.535122,16.987747,3.000000
2.535122,16.981406,3.000000
2.535122,16.990297,3.000000
2.535122,16.983381,3.000000
2.535122,16.992274,3.000000
2.535122,16.985769,3.000000
2.535122,16.994741,3.000000
2.535122,16.987844,3.000000
2.535122,16.996291,3.000000
2.535122,16.989316,3.000000
2.535122,16.997956,3.000000
2.535122,16.991110,3.000000
2.535122,16.999542,3.000000
2.535122,16.992387,3.000000
2.535122,17.000632,3.000000
2.535122,16.993572,3.000000
2.540348,17.004107,3.000000
2.540348,17.015823,3.000000
2.540348,17.010719,3.000000
2.540348,17.022658,3.000000
2.540348,17.016018,3.000000
2.540348,17.026213,3.000000
2.540348,17.019584,3.000000
2.540348,17.030735,3.000000
2.540348,17.024543,3.000000
2.540348,17.034878,3.000000
2.540348,17.027612,3.000000
2.540348,17.037484,3.000000
2.540348,17.030719,3.000000
2.540348,17.041014,3.000000
2.540348,17.033963,3.000000
2.540348,17.043456,3.000000
2.540348,17.036017,3.000000
2.540348,17.045628,3.000000
2.540348,17.038508,3.000000
2.540348,17.048046,3.000000
2.540348,17.040510,3.000000
2.540348,17.049620,3.000000
2.540348,17.042089,3.000000
2.540348,17.051373,3.000000
2.540348,17.043884,3.000000
2.540348,17.052913,3.000000
2.540348,17.045157,3.000000
2.540348,17.054064,3.000000
2.540348,17.046406,3.000000
2.545725,17.057889,3.000000
2.545725,17.070817,3.000000
2.545725,17.064737,3.000000
2.545725,17.076730,3.000000
2.545725,17.069392,3.000000
2.545725,17.080729,3.000000
2.545725,17.073862,3.000000
2.545725,17.085628,3.000000
2.545725,17.078442,3.000000
2.545725,17.089262,3.000000
2.545725,17.081573,3.000000
2.545725,17.092431,3.000000
2.545725,17.085065,3.000000
2.545725,17.095829,3.000000
2.545725,17.087985,3.000000
2.545725,17.098210,3.000000
2.545725,17.090316,3.000000
2.545725,17.100691,3.000000
2.545725,17.092837,3.000000
2.545725,17.102913,3.000000
2.545725,17.094735,3.000000
2.545725,17.104622,3.000000
2.545725,17.096522,3.000000
2.545725,17.106449,3.000000
2.545725,17.098234,3.000000
2.545725,17.107897,3.000000
2.545725,17.099545,3.000000
2.545725,17.109183,3.000000
2.545725,17.100878,3.000000
2.551248,17.113260,3.000000
2.551248,17.127277,3.000000
2.551248,17.119941,3.000000
2.551248,17.131991,3.000000
2.551248,17.124120,3.000000
2.551248,17.136829,3.000000
2.551248,17.129644,3.000000
2.551248,17.141912,3.000000
2.551248,17.133637,3.000000
2.551248,17.145065,3.000000
2.551248,17.137029,3.000000
2.551248,17.148950,3.000000
2.551248,17.140872,3.000000
2.551248,17.152077,3.000000
2.551248,17.143427,3.000000
2.551248,17.154500,3.000000
2.551248,17.146147,3.000000
2.551248,17.157305,3.000000
2.551248,17.148637,3.000000
2.551248,17.159283,3.000000
2.551248,17.150459,3.000000
2.551248,17.161201,3.000000
2.551248,17.152493,3.000000
2.551248,17.163079,3.000000
2.551248,17.154088,3.000000
2.551248,17.164438,3.000000
2.551248,17.155473,3.000000
2.551248,17.165893,3.000000
2.551248,17.156893,3.000000
2.556911,17.169935,3.000000
2.556911,17.184515,3.000000
2.556911,17.175977,3.000000
2.556911,17.188644,3.000000
2.556911,17.180480,3.000000
2.556911,17.194426,3.000000
2.556911,17.186535,3.000000
2.556911,17.199254,3.000000
2.556911,17.190109,3.000000
2.556911,17.202457,3.000000
2.556911,17.193998,3.000000
2.556911,17.206805,3.000000
2.556911,17.197876,3.000000
2.556911,17.209668,3.000000
2.556911,17.200342,3.000000
2.556911,17.212353,3.000000
2.556911,17.203396,3.000000
2.556911,17.215274,3.000000
2.556911,17.205784,3.000000
2.556911,17.217152,3.000000
2.556911,17.207695,3.000000
2.556911,17.219293,3.000000
2.556911,17.209871,3.000000
2.556911,17.221145,3.000000
2.556911,17.211396,3.000000
2.556911,17.222527,3.000000
2.556911,17.212900,3.000000
2.556911,17.224102,3.000000
2.556911,17.214349,3.000000
2.562707,17.227326,3.000000
2.562707,17.241933,3.000000
2.562707,17.232820,3.000000
2.562707,17.247116,3.000000
2.562707,17.238680,3.000000
2.562707,17.253230,3.000000
2.562707,17.244112,3.000000
2.562707,17.257501,3.000000
2.562707,17.248008,3.000000
2.562707,17.261618,3.000000
2.562707,17.252409,3.000000
2.562707,17.265714,3.000000
2.562707,17.255876,3.000000
2.562707,17.268627,3.000000
2.562707,17.258829,3.000000
2.562707,17.271764,3.000000
2.562707,17.261914,3.000000
2.562707,17.274423,3.000000
2.562707,17.264213,3.000000
2.562707,17.276559,3.000000
2.562707,17.266454,3.000000
2.562707,17.278813,3.000000
2.562707,17.268526,3.000000
2.562707,17.280563,3.000000
2.562707,17.270139,3.000000
2.562707,17.282167,3.000000
2.562707,17.271784,3.000000
2.562707,17.283713,3.000000
2.568633,17.294637,3.000000
2.568633,17.284841,3.000000
2.568633,17.299976,3.000000
2.568633,17.291064,3.000000
2.568633,17.307336,3.000000
2.568633,17.298081,3.000000
2.568633,17.312696,3.000000
2.568633,17.302393,3.000000
2.568633,17.317025,3.000000
2.568633,17.307435,3.000000
2.568633,17.322199,3.000000
2.568633,17.311850,3.000000
2.568633,17.325564,3.000000
2.568633,17.315014,3.000000
2.568633,17.329065,3.000000
2.568633,17.318752,3.000000
2.568633,17.332445,3.000000
2.568633,17.321533,3.000000
2.568633,17.334786,3.000000
2.568633,17.323988,3.000000
2.568633,17.337446,3.000000
2.568633,17.326566,3.000000
2.568633,17.339603,3.000000
2.568633,17.328413,3.000000
2.568633,17.341358,3.000000
2.568633,17.330291,3.000000
2.568633,17.343249,3.000000
2.568633,17.331997,3.000000
2.568633,17.344661,3.000000
2.574681,17.353485,3.000000
2.574681,17.343236,3.000000
2.574681,17.360330,3.000000
2.574681,17.351111,3.000000
2.574681,17.368024,3.000000
2.574681,17.357443,3.000000
2.574681,17.372897,3.000000
2.574681,17.362291,3.000000
2.574681,17.378381,3.000000
2.574681,17.367961,3.000000
2.574681,17.383290,3.000000
2.574681,17.371973,3.000000
2.574681,17.386812,3.000000
2.574681,17.375775,3.000000
2.574681,17.390884,3.000000
2.574681,17.379595,3.000000
2.574681,17.394005,3.000000
2.574681,17.382320,3.000000
2.574681,17.396695,3.000000
2.574681,17.385203,3.000000
2.574681,17.399527,3.000000
2.574681,17.387701,3.000000
2.574681,17.401597,3.000000
2.574681,17.389673,3.000000
2.574681,17.403641,3.000000
2.574681,17.391754,3.000000
2.574681,17.405534,3.000000
2.574681,17.393400,3.000000
2.574681,17.406986,3.000000
2.580848,17.413220,3.000000
2.580848,17.403938,3.000000
2.580848,17.422620,3.000000
2.580848,17.411501,3.000000
2.580848,17.428240,3.000000
2.580848,17.417147,3.000000
2.580848,17.434849,3.000000
2.580848,17.424056,3.000000
2.580848,17.440767,3.000000
2.580848,17.428773,3.000000
2.580848,17.444852,3.000000
2.580848,17.433276,3.000000
2.580848,17.449792,3.000000
2.580848,17.437908,3.000000
2.580848,17.453502,3.000000
2.580848,17.441087,3.000000
2.580848,17.456661,3.000000
2.580848,17.444539,3.000000
2.580848,17.460095,3.000000
2.580848,17.447543,3.000000
2.580848,17.462528,3.000000
2.580848,17.449847,3.000000
2.580848,17.464956,3.000000
2.580848,17.452352,3.000000
2.580848,17.467240,3.000000
2.580848,17.454311,3.000000
2.580848,17.468940,3.000000
2.580848,17.456035,3.000000
2.580848,17.470735,3.000000
2.587127,17.475534,3.000000
2.587127,17.464712,3.000000
2.587127,17.483403,3.000000
2.587127,17.471528,3.000000
2.587127,17.490365,3.000000
2.587127,17.479151,3.000000
2.587127,17.497836,3.000000
2.587127,17.485582,3.000000
2.587127,17.503029,3.000000
2.587127,17.490594,3.000000
2.587127,17.508389,3.000000
2.587127,17.496079,3.000000
2.587127,17.513307,3.000000
2.587127,17.500267,3.000000
2.587127,17.516979,3.000000
2.587127,17.504043,3.000000
2.587127,17.520919,3.000000
2.587127,17.507809,3.000000
2.587127,17.524137,3.000000
2.587127,17.510650,3.000000
2.587127,17.526842,3.000000
2.587127,17.513456,3.000000
2.587127,17.529613,3.000000
2.587127,17.515980,3.000000
2.587127,17.531766,3.000000
2.587127,17.517989,3.000000
2.587127,17.533769,3.000000
2.587127,17.520013,3.000000
2.593515,17.536304,3.000000
2.593515,17.523714,3.000000
2.593515,17.544700,3.000000
2.593515,17.533717,3.000000
2.593515,17.554428,3.000000
2.593515,17.541381,3.000000
2.593515,17.559997,3.000000
2.593515,17.547065,3.000000
2.593515,17.566838,3.000000
2.593515,17.554229,3.000000
2.593515,17.572911,3.000000
2.593515,17.558986,3.000000
2.593515,17.576989,3.000000
2.593515,17.563546,3.000000
2.593515,17.582090,3.000000
2.593515,17.568334,3.000000
2.593515,17.585875,3.000000
2.593515,17.571524,3.000000
2.593515,17.589042,3.000000
2.593515,17.575032,3.000000
2.593515,17.592590,3.000000
2.593515,17.578131,3.000000
2.593515,17.595053,3.000000
2.593515,17.580430,3.000000
2.593515,17.597496,3.000000
2.593515,17.582988,3.000000
2.593515,17.599859,3.000000
2.593515,17.584998,3.000000
2.600006,17.597894,3.000000
2.600006,17.586603,3.000000
2.600006,17.608738,3.000000
2.600006,17.595053,3.000000
2.600006,17.615743,3.000000
2.600006,17.602816,3.000000
2.600006,17.624596,3.000000
2.600006,17.611274,3.000000
2.600006,17.631326,3.000000
2.600006,17.616848,3.000000
2.600006,17.636737,3.000000
2.600006,17.622874,3.000000
2.600006,17.642959,3.000000
2.600006,17.628368,3.000000
2.600006,17.647294,3.000000
2.600006,17.632335,3.000000
2.600006,17.651480,3.000000
2.600006,17.636770,3.000000
2.600006,17.655650,3.000000
2.600006,17.640327,3.000000
2.600006,17.658613,3.000000
2.600006,17.643271,3.000000
2.600006,17.661747,3.000000
2.600006,17.646386,3.000000
2.600006,17.664486,3.000000
2.600006,17.648744,3.000000
2.600006,17.666614,3.000000
2.600006,17.650938,3.000000
2.606596,17.660401,3.000000
2.606596,17.646534,3.000000
2.606596,17.669497,3.000000
2.606596,17.656390,3.000000
2.606596,17.680239,3.000000
2.606596,17.666483,3.000000
2.606596,17.688422,3.000000
2.606596,17.673531,3.000000
2.606596,17.695340,3.000000
2.606596,17.680982,3.000000
2.606596,17.702808,3.000000
2.606596,17.687599,3.000000
2.606596,17.708206,3.000000
2.606596,17.692637,3.000000
2.606596,17.713436,3.000000
2.606596,17.698030,3.000000
2.606596,17.718451,3.000000
2.606596,17.702380,3.000000
2.606596,17.722185,3.000000
2.606596,17.706080,3.000000
2.606596,17.726030,3.000000
2.606596,17.709846,3.000000
2.606596,17.729358,3.000000
2.606596,17.712770,3.000000
2.606596,17.732034,3.000000
2.606596,17.715488,3.000000
2.606596,17.734772,3.000000
2.606596,17.718056,3.000000
2.613281,17.719122,3.000000
2.613281,17.706826,3.000000
2.613281,17.733662,3.000000
2.613281,17.719308,3.000000
2.613281,17.742695,3.000000
2.613281,17.727371,3.000000
2.613281,17.751783,3.000000
2.613281,17.737485,3.000000
2.613281,17.761360,3.000000
2.613281,17.745286,3.000000
2.613281,17.767444,3.000000
2.613281,17.751445,3.000000
2.613281,17.774451,3.000000
2.613281,17.758570,3.000000
2.613281,17.780586,3.000000
2.613281,17.763602,3.000000
2.613281,17.784999,3.000000
2.613281,17.768324,3.000000
2.613281,17.790102,3.000000
2.613281,17.773132,3.000000
2.613281,17.794051,3.000000
2.613281,17.776544,3.000000
2.613281,17.797359,3.000000
2.613281,17.780072,3.000000
2.613281,17.800912,3.000000
2.613281,17.783253,3.000000
2.613281,17.803528,3.000000
2.613281,17.785670,3.000000
2.620057,17.754306,3.000000
2.620057,17.782438,3.000000
2.620057,17.766303,3.000000
2.620057,17.791867,3.000000
2.620057,17.777891,3.000000
2.620057,17.806370,3.000000
2.620057,17.791610,3.000000
2.620057,17.816402,3.000000
2.620057,17.799336,3.000000
2.620057,17.824152,3.000000
2.620057,17.808687,3.000000
2.620057,17.834272,3.000000
2.620057,17.817346,3.000000
2.620057,17.840504,3.000000
2.620057,17.822891,3.000000
2.620057,17.846768,3.000000
2.620057,17.829886,3.000000
2.620057,17.853441,3.000000
2.620057,17.835324,3.000000
2.620057,17.857635,3.000000
2.620057,17.839533,3.000000
2.620057,17.862448,3.000000
2.620057,17.844469,3.000000
2.620057,17.866740,3.000000
2.620057,17.847975,3.000000
2.620057,17.869760,3.000000
2.620057,17.851188,3.000000
2.620057,17.873273,3.000000
2.620057,17.854536,3.000000
2.626919,17.805108,3.000000
2.626919,17.837835,3.000000
2.626919,17.825884,3.000000
2.626919,17.855894,3.000000
2.626919,17.838675,3.000000
2.626919,17.865029,3.000000
2.626919,17.849501,3.000000
2.626919,17.879217,3.000000
2.626919,17.863604,3.000000
2.626919,17.889944,3.000000
2.626919,17.871560,3.000000
2.626919,17.897245,3.000000
2.626919,17.880441,3.000000
2.626919,17.907428,3.000000
2.626919,17.889514,3.000000
2.626919,17.913987,3.000000
2.626919,17.894993,3.000000
2.626919,17.919889,3.000000
2.626919,17.901790,3.000000
2.626919,17.926760,3.000000
2.626919,17.907523,3.000000
2.626919,17.931033,3.000000
2.626919,17.911571,3.000000
2.626919,17.935634,3.000000
2.626919,17.916479,3.000000
2.626919,17.940117,3.000000
2.626919,17.920142,3.000000
2.626919,17.943094,3.000000
2.633865,17.862274,3.000000
2.633865,17.891577,3.000000
2.633865,17.876448,3.000000
2.633865,17.910786,3.000000
2.633865,17.897151,3.000000
2.633865,17.927943,3.000000
2.633865,17.909696,3.000000
2.633865,17.937962,3.000000
2.633865,17.921518,3.000000
2.633865,17.952436,3.000000
2.633865,17.935299,3.000000
2.633865,17.962839,3.000000
2.633865,17.943465,3.000000
2.633865,17.970794,3.000000
2.633865,17.952782,3.000000
2.633865,17.980917,3.000000
2.633865,17.961642,3.000000
2.633865,17.987485,3.000000
2.633865,17.967406,3.000000
2.633865,17.993743,3.000000
2.633865,17.974336,3.000000
2.633865,18.000512,3.000000
2.633865,17.980000,3.000000
2.633865,18.004908,3.000000
2.633865,17.984260,3.000000
2.633865,18.009660,3.000000
2.633865,17.989182,3.000000
2.633865,18.014090,3.000000
2.640890,17.911500,3.000000
2.640890,17.944601,3.000000
2.640890,17.927128,3.000000
2.640890,17.961560,3.000000
2.640890,17.948268,3.000000
2.640890,17.984237,3.000000
2.640890,17.966925,3.000000
2.640890,17.996928,3.000000
2.640890,17.978500,3.000000
2.640890,18.010918,3.000000
2.640890,17.994210,3.000000
2.640890,18.025548,3.000000
2.640890,18.005733,3.000000
2.640890,18.034214,3.000000
2.640890,18.014730,3.000000
2.640890,18.044957,3.000000
2.640890,18.025689,3.000000
2.640890,18.054225,3.000000
2.640890,18.033076,3.000000
2.640890,18.060573,3.000000
2.640890,18.040012,3.000000
2.640890,18.068362,3.000000
2.640890,18.047376,3.000000
2.640890,18.074285,3.000000
2.640890,18.052346,3.000000
2.640890,18.079056,3.000000
2.640890,18.057542,3.000000
2.640890,18.084477,3.000000
2.647992,17.951816,3.000000
2.647992,17.993702,3.000000
2.647992,17.972845,3.000000
2.647992,18.003318,3.000000
2.647992,17.989285,3.000000
2.647992,18.033063,3.000000
2.647992,18.019722,3.000000
2.647992,18.052948,3.000000
2.647992,18.030987,3.000000
2.647992,18.062817,3.000000
2.647992,18.046932,3.000000
2.647992,18.084471,3.000000
2.647992,18.065622,3.000000
2.647992,18.095253,3.000000
2.647992,18.073157,3.000000
2.647992,18.104771,3.000000
2.647992,18.086272,3.000000
2.647992,18.119135,3.000000
2.647992,18.097383,3.000000
2.647992,18.125617,3.000000
2.647992,18.103269,3.000000
2.647992,18.133805,3.000000
2.647992,18.113014,3.000000
2.647992,18.142868,3.000000
2.647992,18.119666,3.000000
2.647992,18.147290,3.000000
2.647992,18.124466,3.000000
2.647992,18.153720,3.000000
2.655166,17.978461,3.000000
2.655166,18.015954,3.000000
2.655166,17.994369,3.000000
2.655166,18.034315,3.000000
2.655166,18.026405,3.000000
2.655166,18.075355,3.000000
2.655166,18.058643,3.000000
2.655166,18.091068,3.000000
2.655166,18.070563,3.000000
2.655166,18.110249,3.000000
2.655166,18.096521,3.000000
2.655166,18.136014,3.000000
2.655166,18.114585,3.000000
2.655166,18.145786,3.000000
2.655166,18.125143,3.000000
2.655166,18.162257,3.000000
2.655166,18.143744,3.000000
2.655166,18.177714,3.000000
2.655166,18.154262,3.000000
2.655166,18.185034,3.000000
2.655166,18.163396,3.000000
2.655166,18.197622,3.000000
2.655166,18.175857,3.000000
2.655166,18.206855,3.000000
2.655166,18.182462,3.000000
2.655166,18.212760,3.000000
2.655166,18.189872,3.000000
2.662410,17.964811,3.000000
2.662410,17.932296,3.000000
2.662410,17.979352,3.000000
2.662410,17.990185,3.000000
2.662410,18.062077,3.000000
2.662410,18.045433,3.000000
2.662410,18.071033,3.000000
2.662410,18.049190,3.000000
2.662410,18.102291,3.000000
2.662410,18.099959,3.000000
2.662410,18.149155,3.000000
2.662410,18.124459,3.000000
2.662410,18.153542,3.000000
2.662410,18.135421,3.000000
2.662410,18.184261,3.000000
2.662410,18.170974,3.000000
2.662410,18.208689,3.000000
2.662410,18.182402,3.000000
2.662410,18.214548,3.000000
2.662410,18.195791,3.000000
2.662410,18.238396,3.000000
2.662410,18.218236,3.000000
2.662410,18.250968,3.000000
2.662410,18.224741,3.000000
2.662410,18.257985,3.000000
2.662410,18.237061,3.000000
2.662410,18.274493,3.000000
2.662410,18.250529,3.000000
2.669721,17.759727,3.000000
2.669721,17.788611,3.000000
2.669721,17.765095,3.000000
2.669721,17.701047,3.000000
2.669721,17.788854,3.000000
2.669721,17.861283,3.000000
2.669721,17.974285,3.000000
2.669721,17.936072,3.000000
2.669721,17.927735,3.000000
2.669721,17.917376,3.000000
2.669721,18.022650,3.000000
2.669721,18.046776,3.000000
2.669721,18.095806,3.000000
2.669721,18.053122,3.000000
2.669721,18.078244,3.000000
2.669721,18.080387,3.000000
2.669721,18.162940,3.000000
2.669721,18.155476,3.000000
2.669721,18.184618,3.000000
2.669721,18.150960,3.000000
2.669721,18.192404,3.000000
2.669721,18.188985,3.000000
2.669721,18.248867,3.000000
2.669721,18.226908,3.000000
2.669721,18.253777,3.000000
2.669721,18.226675,3.000000
2.669721,18.271505,3.000000
2.669721,18.259348,3.000000
2.677097,18.015946,3.000000
2.677097,17.980467,3.000000
2.677097,17.984631,3.000000
2.677097,17.977537,3.000000
2.677097,18.081686,3.000000
2.677097,18.100298,3.000000
2.677097,18.150806,3.000000
2.677097,18.111870,3.000000
2.677097,18.144363,3.000000
2.677097,18.145107,3.000000
2.677097,18.226220,3.000000
2.677097,18.216430,3.000000
2.677097,18.249597,3.000000
2.677097,18.217821,3.000000
2.677097,18.262816,3.000000
2.677097,18.256893,3.000000
2.677097,18.316871,3.000000
2.677097,18.294074,3.000000
2.677097,18.324926,3.000000
2.677097,18.297886,3.000000
2.677097,18.344538,3.000000
2.677097,18.330084,3.000000
2.677097,18.376722,3.000000
2.677097,18.348908,3.000000
2.677097,18.381070,3.000000
2.677097,18.355445,3.000000
2.677097,18.399504,3.000000
2.684533,17.975013,3.000000
2.684533,18.061087,3.000000
2.684533,18.078851,3.000000
2.684533,18.150978,3.000000
2.684533,18.127437,3.000000
2.684533,18.167343,3.000000
2.684533,18.159496,3.000000
2.684533,18.235273,3.000000
2.684533,18.230417,3.000000
2.684533,18.280075,3.000000
2.684533,18.253921,3.000000
2.684533,18.299509,3.000000
2.684533,18.288187,3.000000
2.684533,18.349450,3.000000
2.684533,18.331430,3.000000
2.684533,18.372852,3.000000
2.684533,18.346660,3.000000
2.684533,18.392799,3.000000
2.684533,18.375476,3.000000
2.684533,18.425866,3.000000
2.684533,18.401110,3.000000
2.684533,18.439684,3.000000
2.684533,18.412965,3.000000
2.684533,18.457087,3.000000
2.684533,18.434522,3.000000
2.684533,18.478049,3.000000
2.684533,18.449905,3.000000
2.684533,18.487311,3.000000
2.692028,18.039450,3.000000
2.692028,18.150535,3.000000
2.692028,18.162954,3.000000
2.692028,18.216955,3.000000
2.692028,18.184839,3.000000
2.692028,18.234593,3.000000
2.692028,18.237312,3.000000
2.692028,18.320904,3.000000
2.692028,18.307562,3.000000
2.692028,18.348044,3.000000
2.692028,18.320775,3.000000
2.692028,18.376673,3.000000
2.692028,18.369056,3.000000
2.692028,18.431517,3.000000
2.692028,18.406927,3.000000
2.692028,18.445633,3.000000
2.692028,18.420124,3.000000
2.692028,18.473698,3.000000
2.692028,18.456443,3.000000
2.692028,18.506513,3.000000
2.692028,18.477359,3.000000
2.692028,18.516443,3.000000
2.692028,18.490148,3.000000
2.692028,18.539186,3.000000
2.692028,18.515163,3.000000
2.692028,18.558595,3.000000
2.692028,18.527472,3.000000
